  # SYNTHETICS FOR CO2        
 # of the CO2 data
  -797099.000      -400504.000     # Time-window (X): MIN/MAX
         573       # Number of data points
 #
 # Time(yearsBP)      CO2 (ppmv)     Sigma
  -797099.000      -7.44199287E-03   9.99999975E-06
  -796467.000       1.56409200E-03   9.99999975E-06
  -795202.000      -4.93419869E-03   9.99999975E-06
  -794608.000      -8.21809564E-03   9.99999975E-06
  -793260.000      -2.17613904E-03   9.99999975E-06
  -792943.000      -1.41156139E-03   9.99999975E-06
  -792081.000      -2.86869984E-03   9.99999975E-06
  -791491.000       2.45035766E-03   9.99999975E-06
  -790538.000       2.54067313E-03   9.99999975E-06
  -790153.000      -4.85025533E-03   9.99999975E-06
  -789381.000      -3.83490790E-03   9.99999975E-06
  -788887.000      -8.69461708E-03   9.99999975E-06
  -788033.000       4.20091848E-04   9.99999975E-06
  -787805.000      -3.17789381E-05   9.99999975E-06
  -787076.000      -1.56536084E-02   9.99999975E-06
  -786587.000       5.24205994E-03   9.99999975E-06
  -785789.000      -5.72533393E-03   9.99999975E-06
  -785413.000       6.04448095E-03   9.99999975E-06
  -784692.000       2.78434809E-03   9.99999975E-06
  -784147.000       1.24155078E-04   9.99999975E-06
  -783263.000      -1.23316259E-03   9.99999975E-06
  -782059.000      -7.30276713E-03   9.99999975E-06
  -781535.000      -4.30263346E-03   9.99999975E-06
  -780612.000      -2.25813128E-05   9.99999975E-06
  -780268.000       5.45681408E-03   9.99999975E-06
  -779364.000      -1.90033077E-03   9.99999975E-06
  -778798.000      -3.40574584E-03   9.99999975E-06
  -777900.000      -7.28806853E-03   9.99999975E-06
  -777556.000      -3.91877024E-03   9.99999975E-06
  -776636.000      -3.42221349E-03   9.99999975E-06
  -776037.000      -1.26093160E-03   9.99999975E-06
  -775051.000      -6.57425553E-04   9.99999975E-06
  -774548.000      -7.31620193E-03   9.99999975E-06
  -773680.000      -1.61057024E-03   9.99999975E-06
  -773043.000      -7.86789879E-03   9.99999975E-06
  -772076.000      -1.79768680E-03   9.99999975E-06
  -771708.000       3.18046613E-03   9.99999975E-06
  -771260.000       2.86723021E-04   9.99999975E-06
  -770994.000       1.74538093E-03   9.99999975E-06
  -770724.000       1.03338971E-05   9.99999975E-06
  -770447.000      -4.39946167E-03   9.99999975E-06
  -770133.000      -7.63066253E-03   9.99999975E-06
  -769787.000      -5.47795789E-05   9.99999975E-06
  -769514.000      -1.68096717E-03   9.99999975E-06
  -769050.000       1.05713587E-03   9.99999975E-06
  -768655.000       3.03936354E-03   9.99999975E-06
  -767737.000      -3.94796347E-03   9.99999975E-06
  -767096.000       6.49980502E-04   9.99999975E-06
  -766110.000      -1.15536908E-02   9.99999975E-06
  -765735.000       4.48973477E-03   9.99999975E-06
  -764833.000       4.86367010E-03   9.99999975E-06
  -764249.000       5.03513124E-03   9.99999975E-06
  -763934.000      -6.13798294E-03   9.99999975E-06
  -763686.000       3.66812432E-03   9.99999975E-06
  -763319.000       6.00673724E-03   9.99999975E-06
  -762871.000      -4.43588331E-04   9.99999975E-06
  -762064.000      -3.20466049E-03   9.99999975E-06
  -761453.000      -1.46560051E-04   9.99999975E-06
  -760500.000      -2.00027134E-04   9.99999975E-06
  -760202.000      -1.68957748E-04   9.99999975E-06
  -759306.000      -3.77967558E-03   9.99999975E-06
  -758883.000       4.88063088E-03   9.99999975E-06
  -758475.000      -2.73312442E-03   9.99999975E-06
  -758259.000      -8.28073453E-03   9.99999975E-06
  -757962.000      -1.06712047E-03   9.99999975E-06
  -757561.000      -9.09425691E-03   9.99999975E-06
  -756871.000      -6.58721523E-03   9.99999975E-06
  -756357.000      -1.13006504E-02   9.99999975E-06
  -755495.000       2.86825397E-03   9.99999975E-06
  -755241.000       2.78389012E-03   9.99999975E-06
  -754394.000      -1.56368711E-03   9.99999975E-06
  -753984.000      -1.04891264E-03   9.99999975E-06
  -752978.000      -2.07403582E-03   9.99999975E-06
  -752605.000      -1.05439126E-02   9.99999975E-06
  -751830.000      -1.91215670E-03   9.99999975E-06
  -751301.000       4.26252559E-03   9.99999975E-06
  -750476.000       4.81897267E-03   9.99999975E-06
  -750194.000      -2.14145100E-03   9.99999975E-06
  -749401.000      -2.54995422E-03   9.99999975E-06
  -748913.000       5.34814922E-03   9.99999975E-06
  -748101.000       1.10432063E-03   9.99999975E-06
  -747759.000       5.06475940E-03   9.99999975E-06
  -747110.000       6.43698033E-03   9.99999975E-06
  -746643.000      -4.56417631E-03   9.99999975E-06
  -745836.000      -9.59877856E-03   9.99999975E-06
  -744843.000       5.06654941E-03   9.99999975E-06
  -744354.000      -7.77580449E-03   9.99999975E-06
  -743589.000      -2.50391429E-04   9.99999975E-06
  -743233.000       1.12147874E-03   9.99999975E-06
  -742558.000      -2.14857119E-03   9.99999975E-06
  -742075.000      -3.61853186E-03   9.99999975E-06
  -741307.000       1.91399455E-03   9.99999975E-06
  -741021.000      -7.39763863E-03   9.99999975E-06
  -740277.000       3.26582068E-03   9.99999975E-06
  -739842.000      -9.99798812E-03   9.99999975E-06
  -739137.000       1.21616991E-02   9.99999975E-06
  -738844.000      -3.54474410E-03   9.99999975E-06
  -738272.000       2.16963049E-03   9.99999975E-06
  -737889.000       4.81714960E-03   9.99999975E-06
  -737266.000       1.12660071E-02   9.99999975E-06
  -737034.000      -3.80816346E-04   9.99999975E-06
  -736460.000       4.78890166E-03   9.99999975E-06
  -736079.000      -7.51669286E-03   9.99999975E-06
  -735459.000       4.49860329E-03   9.99999975E-06
  -735167.000       8.14937241E-03   9.99999975E-06
  -734604.000      -5.58854407E-03   9.99999975E-06
  -734223.000      -1.37257914E-03   9.99999975E-06
  -733543.000      -7.26237602E-04   9.99999975E-06
  -733261.000      -6.06186641E-03   9.99999975E-06
  -732548.000      -9.14466009E-03   9.99999975E-06
  -732141.000      -3.93917225E-03   9.99999975E-06
  -731329.000       1.02384891E-02   9.99999975E-06
  -730949.000      -2.56439578E-03   9.99999975E-06
  -730299.000      -5.14825433E-03   9.99999975E-06
  -728921.000       3.82597186E-03   9.99999975E-06
  -728568.000       8.01193342E-03   9.99999975E-06
  -727732.000       5.39364712E-03   9.99999975E-06
  -727192.000       1.20136226E-02   9.99999975E-06
  -726322.000      -3.59992078E-03   9.99999975E-06
  -725937.000       2.84317741E-03   9.99999975E-06
  -725059.000       3.60490824E-03   9.99999975E-06
  -724445.000       1.10141677E-03   9.99999975E-06
  -723464.000      -1.03707323E-02   9.99999975E-06
  -723133.000       1.46493234E-03   9.99999975E-06
  -722039.000      -5.74940257E-03   9.99999975E-06
  -721318.000      -2.75740307E-03   9.99999975E-06
  -720337.000      -5.12011629E-03   9.99999975E-06
  -719794.000      -7.32505508E-03   9.99999975E-06
  -718779.000       5.01829293E-03   9.99999975E-06
  -718064.000       1.19998003E-03   9.99999975E-06
  -717065.000       2.13617925E-03   9.99999975E-06
  -716704.000      -5.54172974E-03   9.99999975E-06
  -715750.000      -5.19000925E-03   9.99999975E-06
  -715180.000      -7.05136452E-04   9.99999975E-06
  -714288.000      -4.45741881E-03   9.99999975E-06
  -713843.000       8.71422142E-03   9.99999975E-06
  -712833.000       2.54746643E-03   9.99999975E-06
  -711421.000       4.49081277E-03   9.99999975E-06
  -711104.000       8.61968030E-04   9.99999975E-06
  -710237.000      -5.69158047E-03   9.99999975E-06
  -709680.000       1.53447676E-03   9.99999975E-06
  -706409.000       1.57313515E-03   9.99999975E-06
  -706141.000       3.05704447E-03   9.99999975E-06
  -705410.000       6.57739118E-03   9.99999975E-06
  -704973.000      -5.17018372E-03   9.99999975E-06
  -704211.000       3.09687434E-03   9.99999975E-06
  -703934.000      -4.49825311E-03   9.99999975E-06
  -703384.000      -3.55013716E-03   9.99999975E-06
  -702988.000      -1.13521656E-03   9.99999975E-06
  -702381.000       5.58062922E-03   9.99999975E-06
  -702158.000      -3.12961638E-03   9.99999975E-06
  -701606.000      -9.63596068E-03   9.99999975E-06
  -701242.000       2.61901040E-03   9.99999975E-06
  -700744.000       3.24242003E-03   9.99999975E-06
  -700389.000      -1.21860905E-02   9.99999975E-06
  -699909.000       5.64468792E-03   9.99999975E-06
  -699633.000       1.30029581E-03   9.99999975E-06
  -699102.000      -8.33365414E-03   9.99999975E-06
  -698880.000      -2.63812463E-03   9.99999975E-06
  -698386.000       4.58684936E-03   9.99999975E-06
  -698120.000       2.28702510E-03   9.99999975E-06
  -697660.000      -5.67208184E-03   9.99999975E-06
  -697331.000      -6.04547793E-03   9.99999975E-06
  -696963.000      -1.14212197E-03   9.99999975E-06
  -696717.000      -4.38484037E-03   9.99999975E-06
  -696287.000       8.04385543E-03   9.99999975E-06
  -696062.000      -3.29923583E-03   9.99999975E-06
  -695618.000       3.42897279E-03   9.99999975E-06
  -695383.000      -1.07296987E-03   9.99999975E-06
  -694941.000      -5.64531889E-03   9.99999975E-06
  -694672.000      -5.26199117E-03   9.99999975E-06
  -694300.000       2.60400912E-03   9.99999975E-06
  -694068.000      -3.38585163E-03   9.99999975E-06
  -693639.000       5.87311108E-03   9.99999975E-06
  -693433.000       5.71131101E-03   9.99999975E-06
  -692990.000      -3.11945588E-03   9.99999975E-06
  -692765.000      -5.39731001E-03   9.99999975E-06
  -692338.000       1.01173175E-02   9.99999975E-06
  -692057.000      -7.84176309E-03   9.99999975E-06
  -691672.000       3.56481038E-03   9.99999975E-06
  -691432.000      -5.22704143E-03   9.99999975E-06
  -690999.000       2.58977991E-03   9.99999975E-06
  -690771.000       2.16770964E-03   9.99999975E-06
  -690294.000      -5.65174595E-03   9.99999975E-06
  -690057.000      -4.12296131E-03   9.99999975E-06
  -689603.000      -6.74549490E-04   9.99999975E-06
  -689304.000       2.57054996E-03   9.99999975E-06
  -688881.000      -5.02426317E-03   9.99999975E-06
  -688652.000      -8.24271876E-04   9.99999975E-06
  -688195.000       6.03956636E-03   9.99999975E-06
  -687949.000      -2.18028529E-03   9.99999975E-06
  -687470.000      -1.06339250E-03   9.99999975E-06
  -687227.000       4.37292503E-03   9.99999975E-06
  -686726.000      -5.01983240E-03   9.99999975E-06
  -686425.000      -3.49306501E-04   9.99999975E-06
  -685980.000      -1.45101338E-04   9.99999975E-06
  -685716.000      -1.03055732E-02   9.99999975E-06
  -685217.000       2.57858308E-04   9.99999975E-06
  -684949.000      -5.77141438E-03   9.99999975E-06
  -684419.000       3.12839262E-03   9.99999975E-06
  -684142.000       6.72628346E-04   9.99999975E-06
  -683612.000       2.88448762E-03   9.99999975E-06
  -683262.000      -2.25198781E-03   9.99999975E-06
  -682762.000       8.76234751E-03   9.99999975E-06
  -682446.000       2.94083939E-03   9.99999975E-06
  -681849.000      -1.95846381E-03   9.99999975E-06
  -681531.000       1.10764557E-03   9.99999975E-06
  -680920.000       6.64903503E-03   9.99999975E-06
  -680608.000       1.24430927E-02   9.99999975E-06
  -680081.000      -4.38377354E-03   9.99999975E-06
  -679732.000      -8.96021142E-04   9.99999975E-06
  -679252.000      -1.33862218E-03   9.99999975E-06
  -678914.000      -6.02046400E-03   9.99999975E-06
  -678291.000      -8.63639452E-03   9.99999975E-06
  -677984.000      -5.90995245E-04   9.99999975E-06
  -677380.000      -2.46166764E-03   9.99999975E-06
  -677068.000      -7.12804869E-03   9.99999975E-06
  -676524.000      -4.60780971E-03   9.99999975E-06
  -676170.000       4.80463379E-04   9.99999975E-06
  -675589.000       3.78961302E-03   9.99999975E-06
  -674521.000       3.22229788E-03   9.99999975E-06
  -674173.000       3.60912201E-03   9.99999975E-06
  -673475.000      -7.93320872E-03   9.99999975E-06
  -673095.000       2.65779439E-04   9.99999975E-06
  -672386.000       1.90057093E-04   9.99999975E-06
  -671926.000      -4.73993411E-03   9.99999975E-06
  -671286.000       1.10114051E-03   9.99999975E-06
  -670916.000      -7.61207938E-03   9.99999975E-06
  -670176.000      -1.03954757E-02   9.99999975E-06
  -669751.000       3.46843596E-03   9.99999975E-06
  -668934.000      -8.83382279E-03   9.99999975E-06
  -668447.000      -1.74318010E-03   9.99999975E-06
  -667569.000       8.78745411E-03   9.99999975E-06
  -666995.000      -1.36955185E-02   9.99999975E-06
  -666174.000      -5.17326081E-03   9.99999975E-06
  -665645.000       5.38505055E-03   9.99999975E-06
  -664690.000      -2.34619994E-03   9.99999975E-06
  -664192.000      -2.39839358E-03   9.99999975E-06
  -663206.000      -1.22297518E-02   9.99999975E-06
  -662669.000      -6.41803723E-03   9.99999975E-06
  -661650.000       6.42112596E-03   9.99999975E-06
  -660981.000       1.52364955E-03   9.99999975E-06
  -660084.000       3.42943845E-03   9.99999975E-06
  -659524.000       2.03556847E-04   9.99999975E-06
  -658474.000      -3.96669051E-03   9.99999975E-06
  -657923.000       9.23945336E-04   9.99999975E-06
  -656882.000      -4.11214714E-04   9.99999975E-06
  -656286.000      -7.76529731E-03   9.99999975E-06
  -655202.000      -8.79567862E-03   9.99999975E-06
  -654473.000       5.82460547E-03   9.99999975E-06
  -653448.000      -6.56217337E-03   9.99999975E-06
  -652802.000      -1.58332265E-03   9.99999975E-06
  -651556.000       1.04228891E-02   9.99999975E-06
  -650891.000      -6.57316763E-04   9.99999975E-06
  -649598.000      -4.41078329E-03   9.99999975E-06
  -648946.000      -1.35796377E-04   9.99999975E-06
  -647588.000       5.31221414E-03   9.99999975E-06
  -646723.000       4.35656309E-03   9.99999975E-06
  -645470.000       1.47491219E-02   9.99999975E-06
  -644662.000      -6.84805168E-03   9.99999975E-06
  -643204.000      -2.89609190E-03   9.99999975E-06
  -642405.000      -1.69845251E-03   9.99999975E-06
  -640760.000       2.34439899E-03   9.99999975E-06
  -639848.000      -1.77304982E-03   9.99999975E-06
  -638127.000      -2.39457167E-03   9.99999975E-06
  -636957.000       5.49222762E-03   9.99999975E-06
  -635489.000       6.28297403E-03   9.99999975E-06
  -634592.000      -1.33472146E-04   9.99999975E-06
  -632856.000       4.92544379E-03   9.99999975E-06
  -632001.000      -7.67108379E-03   9.99999975E-06
  -630295.000      -2.80900602E-03   9.99999975E-06
  -629446.000       2.72508641E-03   9.99999975E-06
  -627999.000      -2.72972509E-03   9.99999975E-06
  -627211.000       3.04447161E-03   9.99999975E-06
  -626215.000       5.27301617E-03   9.99999975E-06
  -625570.000       3.92584642E-03   9.99999975E-06
  -624690.000      -2.25216337E-03   9.99999975E-06
  -623214.000       4.39477526E-03   9.99999975E-06
  -621760.000      -9.56077129E-04   9.99999975E-06
  -620338.000       3.85297369E-03   9.99999975E-06
  -618955.000       8.28671735E-03   9.99999975E-06
  -617544.000      -2.91610323E-03   9.99999975E-06
  -616227.000      -5.30288089E-04   9.99999975E-06
  -614923.000      -4.54316847E-03   9.99999975E-06
  -613709.000       1.67329260E-03   9.99999975E-06
  -612514.000      -5.81324473E-03   9.99999975E-06
  -611319.000      -3.59074958E-03   9.99999975E-06
  -610136.000       3.22080194E-03   9.99999975E-06
  -608929.000       9.79158655E-03   9.99999975E-06
  -607708.000       2.79412488E-03   9.99999975E-06
  -606374.000       4.02149465E-03   9.99999975E-06
  -605076.000       5.32230549E-03   9.99999975E-06
  -603673.000       4.98910481E-03   9.99999975E-06
  -602278.000      -2.37183738E-03   9.99999975E-06
  -600882.000       4.92697163E-03   9.99999975E-06
  -599434.000       3.08355945E-03   9.99999975E-06
  -598833.000      -3.61822615E-03   9.99999975E-06
  -597966.000       5.71152312E-04   9.99999975E-06
  -597443.000       2.47108540E-03   9.99999975E-06
  -596515.000      -5.42664528E-03   9.99999975E-06
  -595950.000      -1.58936030E-03   9.99999975E-06
  -595189.000       4.54596058E-03   9.99999975E-06
  -594639.000       1.15631353E-02   9.99999975E-06
  -593870.000       1.29245147E-02   9.99999975E-06
  -593415.000       7.25537911E-03   9.99999975E-06
  -592697.000       3.46982153E-03   9.99999975E-06
  -592279.000      -5.59586752E-03   9.99999975E-06
  -590893.000      -1.29499391E-03   9.99999975E-06
  -590335.000      -2.69481144E-03   9.99999975E-06
  -589868.000       3.50632053E-03   9.99999975E-06
  -589224.000      -5.26764337E-03   9.99999975E-06
  -588716.000       2.17480352E-04   9.99999975E-06
  -588034.000       2.00070674E-03   9.99999975E-06
  -587647.000       4.42434568E-03   9.99999975E-06
  -586893.000      -4.71065799E-03   9.99999975E-06
  -586406.000      -6.69413339E-03   9.99999975E-06
  -583413.000       2.74900254E-03   9.99999975E-06
  -583034.000       4.69403248E-03   9.99999975E-06
  -582391.000      -6.03280030E-04   9.99999975E-06
  -582000.000       2.87163584E-03   9.99999975E-06
  -581507.000       6.56666514E-03   9.99999975E-06
  -581160.000      -7.54852127E-03   9.99999975E-06
  -580695.000      -7.49329571E-03   9.99999975E-06
  -580400.000       1.98438624E-03   9.99999975E-06
  -580019.000      -2.87748175E-03   9.99999975E-06
  -579821.000      -5.94299892E-03   9.99999975E-06
  -579435.000       5.85128320E-04   9.99999975E-06
  -578857.000      -1.18860533E-03   9.99999975E-06
  -578305.000       4.66326950E-04   9.99999975E-06
  -577769.000       3.64271435E-03   9.99999975E-06
  -577242.000       1.75241614E-04   9.99999975E-06
  -576723.000      -1.05793006E-04   9.99999975E-06
  -576222.000       5.72863873E-03   9.99999975E-06
  -575730.000      -1.87147362E-03   9.99999975E-06
  -575265.000      -2.97409389E-03   9.99999975E-06
  -574803.000      -7.97344930E-03   9.99999975E-06
  -574353.000       4.51885676E-03   9.99999975E-06
  -573902.000       1.80871168E-03   9.99999975E-06
  -573462.000      -9.52334795E-03   9.99999975E-06
  -573037.000      -4.99647576E-03   9.99999975E-06
  -572619.000       3.84447910E-03   9.99999975E-06
  -572190.000      -9.21075884E-03   9.99999975E-06
  -571775.000      -3.68608790E-03   9.99999975E-06
  -571367.000      -2.15053116E-03   9.99999975E-06
  -570955.000      -2.00299826E-03   9.99999975E-06
  -570548.000      -2.12509558E-03   9.99999975E-06
  -570139.000       8.42801528E-04   9.99999975E-06
  -569728.000       7.80337211E-03   9.99999975E-06
  -569331.000      -5.93416020E-03   9.99999975E-06
  -568946.000       5.86593989E-03   9.99999975E-06
  -568556.000       1.16188442E-02   9.99999975E-06
  -568167.000       1.02588078E-02   9.99999975E-06
  -567777.000       5.83157758E-04   9.99999975E-06
  -567381.000      -5.14617423E-03   9.99999975E-06
  -567007.000       6.57944614E-03   9.99999975E-06
  -566619.000      -1.58308155E-03   9.99999975E-06
  -566233.000       6.13396708E-03   9.99999975E-06
  -565851.000      -2.35922332E-03   9.99999975E-06
  -565466.000      -7.27366004E-03   9.99999975E-06
  -565077.000      -8.45099101E-04   9.99999975E-06
  -564699.000      -1.01073999E-02   9.99999975E-06
  -564311.000       2.39742151E-03   9.99999975E-06
  -563918.000       2.52847211E-03   9.99999975E-06
  -563517.000      -4.57751285E-03   9.99999975E-06
  -563115.000      -2.59022880E-03   9.99999975E-06
  -562690.000      -9.08643100E-03   9.99999975E-06
  -562272.000      -1.40669034E-03   9.99999975E-06
  -561846.000      -3.33972718E-03   9.99999975E-06
  -561309.000       1.59884561E-02   9.99999975E-06
  -560930.000       1.00086024E-03   9.99999975E-06
  -560459.000       5.86281158E-03   9.99999975E-06
  -559972.000       3.61862499E-03   9.99999975E-06
  -559461.000       2.63857469E-03   9.99999975E-06
  -558929.000       2.13560788E-03   9.99999975E-06
  -558393.000      -6.11785799E-03   9.99999975E-06
  -558183.000       1.24223111E-02   9.99999975E-06
  -557887.000       2.83027906E-03   9.99999975E-06
  -557385.000      -3.36271664E-03   9.99999975E-06
  -556889.000      -6.09682174E-05   9.99999975E-06
  -556724.000      -4.94515803E-03   9.99999975E-06
  -556364.000       6.79920195E-04   9.99999975E-06
  -556143.000      -3.01444973E-03   9.99999975E-06
  -555839.000       1.41161238E-03   9.99999975E-06
  -555637.000       1.39503879E-03   9.99999975E-06
  -555345.000       2.13367166E-03   9.99999975E-06
  -554831.000      -2.84699583E-03   9.99999975E-06
  -554254.000      -1.51811214E-02   9.99999975E-06
  -553626.000       1.72649347E-03   9.99999975E-06
  -552961.000      -2.18055677E-04   9.99999975E-06
  -552250.000      -6.45887922E-05   9.99999975E-06
  -551979.000      -1.29483892E-02   9.99999975E-06
  -551452.000      -2.62219168E-04   9.99999975E-06
  -551124.000      -9.18571092E-03   9.99999975E-06
  -550637.000      -1.08775627E-02   9.99999975E-06
  -549830.000       8.27770680E-03   9.99999975E-06
  -548933.000       1.55540113E-03   9.99999975E-06
  -547972.000       6.49024826E-03   9.99999975E-06
  -547573.000      -8.00520740E-03   9.99999975E-06
  -547013.000       7.48685747E-03   9.99999975E-06
  -545956.000       6.17950980E-04   9.99999975E-06
  -544804.000      -2.13255594E-03   9.99999975E-06
  -543676.000       3.07823438E-03   9.99999975E-06
  -542502.000      -1.17053057E-03   9.99999975E-06
  -541345.000      -1.03604207E-02   9.99999975E-06
  -540154.000       7.86367897E-03   9.99999975E-06
  -538959.000      -3.56199662E-03   9.99999975E-06
  -537770.000       7.35361408E-03   9.99999975E-06
  -536622.000       2.01078877E-03   9.99999975E-06
  -535483.000      -1.64379657E-03   9.99999975E-06
  -534364.000       2.29833508E-03   9.99999975E-06
  -533246.000      -3.64492997E-04   9.99999975E-06
  -532119.000       1.62392273E-03   9.99999975E-06
  -531662.000      -1.17422547E-02   9.99999975E-06
  -531035.000      -1.40068680E-03   9.99999975E-06
  -530685.000      -4.89906408E-03   9.99999975E-06
  -530016.000       9.37302597E-03   9.99999975E-06
  -529640.000       7.94457085E-03   9.99999975E-06
  -529101.000      -6.09638868E-03   9.99999975E-06
  -528747.000      -5.52482111E-03   9.99999975E-06
  -528262.000       4.84067062E-03   9.99999975E-06
  -527454.000      -5.44761773E-04   9.99999975E-06
  -526661.000      -2.98760459E-03   9.99999975E-06
  -525908.000       2.94153695E-04   9.99999975E-06
  -525164.000      -4.11177240E-03   9.99999975E-06
  -524409.000       3.29397037E-03   9.99999975E-06
  -523666.000       7.09558371E-05   9.99999975E-06
  -522923.000       3.02039180E-03   9.99999975E-06
  -522216.000       5.11752442E-04   9.99999975E-06
  -521552.000       2.62991944E-03   9.99999975E-06
  -520892.000       1.16016585E-02   9.99999975E-06
  -518965.000      -3.16751422E-04   9.99999975E-06
  -518334.000      -1.41994515E-03   9.99999975E-06
  -517706.000       4.57099872E-03   9.99999975E-06
  -517069.000      -4.53944737E-03   9.99999975E-06
  -516417.000      -6.24397397E-03   9.99999975E-06
  -515771.000       6.50697853E-03   9.99999975E-06
  -515113.000       3.90672777E-03   9.99999975E-06
  -514429.000       7.85397307E-04   9.99999975E-06
  -513724.000       1.66063011E-03   9.99999975E-06
  -512997.000       9.59354686E-04   9.99999975E-06
  -512269.000      -4.11486533E-03   9.99999975E-06
  -511515.000      -5.32575045E-03   9.99999975E-06
  -510765.000      -8.76988401E-04   9.99999975E-06
  -510008.000      -4.86584101E-03   9.99999975E-06
  -509247.000      -2.80841161E-03   9.99999975E-06
  -508476.000      -2.55638408E-03   9.99999975E-06
  -507714.000       5.98168792E-03   9.99999975E-06
  -507011.000      -1.67421205E-03   9.99999975E-06
  -506287.000       4.41938173E-03   9.99999975E-06
  -505516.000      -1.41717633E-03   9.99999975E-06
  -504777.000       8.98063369E-03   9.99999975E-06
  -504083.000       1.83641654E-03   9.99999975E-06
  -503375.000      -3.79651645E-03   9.99999975E-06
  -502625.000       3.60288983E-03   9.99999975E-06
  -501866.000       2.43519060E-03   9.99999975E-06
  -501130.000      -4.03268728E-03   9.99999975E-06
  -500363.000       5.99435344E-03   9.99999975E-06
  -499610.000       1.52348960E-02   9.99999975E-06
  -498865.000       1.48777314E-03   9.99999975E-06
  -498104.000       5.17481647E-04   9.99999975E-06
  -497366.000       3.33878747E-03   9.99999975E-06
  -496608.000      -3.17307049E-03   9.99999975E-06
  -495853.000      -5.29388711E-03   9.99999975E-06
  -495085.000       5.17467735E-04   9.99999975E-06
  -494311.000      -6.27478398E-03   9.99999975E-06
  -493507.000       1.61059527E-03   9.99999975E-06
  -492738.000      -4.58882377E-03   9.99999975E-06
  -491959.000       3.37130949E-03   9.99999975E-06
  -491191.000      -1.97997550E-03   9.99999975E-06
  -490445.000      -5.58543438E-03   9.99999975E-06
  -489722.000       3.78500344E-03   9.99999975E-06
  -489475.000       1.33133994E-03   9.99999975E-06
  -488996.000      -1.23739429E-03   9.99999975E-06
  -488689.000       6.31309440E-03   9.99999975E-06
  -488268.000      -1.03663106E-03   9.99999975E-06
  -487541.000       9.01755411E-03   9.99999975E-06
  -486816.000       1.36021164E-03   9.99999975E-06
  -486043.000       8.32545571E-03   9.99999975E-06
  -485276.000      -3.53246415E-03   9.99999975E-06
  -484465.000      -3.80671932E-03   9.99999975E-06
  -483649.000       1.31966546E-02   9.99999975E-06
  -482803.000       2.81896209E-03   9.99999975E-06
  -481932.000       9.49659664E-03   9.99999975E-06
  -481035.000       2.82259518E-03   9.99999975E-06
  -480108.000      -4.12331778E-04   9.99999975E-06
  -479144.000       2.68562930E-03   9.99999975E-06
  -478721.000       5.01796138E-04   9.99999975E-06
  -478124.000       8.84904340E-03   9.99999975E-06
  -477719.000      -3.90969450E-04   9.99999975E-06
  -477162.000       1.12335393E-02   9.99999975E-06
  -476240.000       6.65964000E-03   9.99999975E-06
  -475218.000      -2.61101802E-03   9.99999975E-06
  -474162.000      -6.65194704E-04   9.99999975E-06
  -473102.000       2.99113151E-03   9.99999975E-06
  -472095.000      -1.99695560E-03   9.99999975E-06
  -471763.000       6.60222489E-03   9.99999975E-06
  -471046.000       3.42925778E-04   9.99999975E-06
  -470597.000      -4.93699359E-03   9.99999975E-06
  -469941.000      -5.97269228E-03   9.99999975E-06
  -469470.000      -2.78582447E-03   9.99999975E-06
  -468810.000       1.08219488E-02   9.99999975E-06
  -468323.000       3.32711800E-03   9.99999975E-06
  -467602.000       2.40783300E-03   9.99999975E-06
  -466265.000       1.09141376E-02   9.99999975E-06
  -464866.000       4.56341961E-03   9.99999975E-06
  -463456.000      -2.57148966E-03   9.99999975E-06
  -462133.000      -4.87913098E-03   9.99999975E-06
  -461687.000      -3.34344874E-03   9.99999975E-06
  -460792.000       1.07542640E-02   9.99999975E-06
  -459430.000      -5.52551169E-03   9.99999975E-06
  -458049.000       6.98669627E-03   9.99999975E-06
  -456591.000       4.45855223E-03   9.99999975E-06
  -455279.000       6.04689354E-03   9.99999975E-06
  -454023.000       3.28078563E-03   9.99999975E-06
  -453514.000       2.00954056E-03   9.99999975E-06
  -452795.000       3.84370913E-03   9.99999975E-06
  -452283.000      -7.71514606E-04   9.99999975E-06
  -451593.000      -2.01480300E-03   9.99999975E-06
  -450455.000       2.44504213E-03   9.99999975E-06
  -449244.000      -5.26241679E-03   9.99999975E-06
  -448103.000      -4.74869506E-03   9.99999975E-06
  -446984.000      -3.22811725E-03   9.99999975E-06
  -445829.000       1.94570632E-03   9.99999975E-06
  -444650.000      -1.87149190E-03   9.99999975E-06
  -443562.000       2.22557574E-03   9.99999975E-06
  -442411.000       1.95962423E-03   9.99999975E-06
  -441220.000       8.11064802E-03   9.99999975E-06
  -439565.000       1.59494870E-03   9.99999975E-06
  -438356.000       2.55163549E-03   9.99999975E-06
  -437152.000       2.05588667E-03   9.99999975E-06
  -435989.000       3.51443049E-03   9.99999975E-06
  -434804.000      -3.78774758E-03   9.99999975E-06
  -433674.000       3.81250656E-03   9.99999975E-06
  -432599.000       4.35435120E-03   9.99999975E-06
  -431445.000      -1.09636807E-04   9.99999975E-06
  -431063.000       7.74427783E-04   9.99999975E-06
  -429876.000       1.99933327E-03   9.99999975E-06
  -429006.000      -9.02230199E-03   9.99999975E-06
  -427566.000       8.20194278E-03   9.99999975E-06
  -427285.000      -3.57396901E-04   9.99999975E-06
  -426598.000      -7.31685199E-04   9.99999975E-06
  -425975.000      -3.28556402E-03   9.99999975E-06
  -425569.000      -8.24174844E-03   9.99999975E-06
  -425242.000      -2.23702868E-03   9.99999975E-06
  -424840.000       1.95214769E-03   9.99999975E-06
  -424332.000       1.22120348E-03   9.99999975E-06
  -423764.000       8.60274769E-03   9.99999975E-06
  -422649.000       3.69490311E-03   9.99999975E-06
  -422074.000       2.99230451E-03   9.99999975E-06
  -421484.000       8.56076833E-03   9.99999975E-06
  -420350.000      -4.49055387E-03   9.99999975E-06
  -419808.000      -4.13844176E-03   9.99999975E-06
  -419260.000      -6.60455041E-03   9.99999975E-06
  -418245.000       8.76013562E-03   9.99999975E-06
  -417698.000       6.04786910E-05   9.99999975E-06
  -417191.000      -5.94758894E-03   9.99999975E-06
  -416193.000       8.48088507E-03   9.99999975E-06
  -415717.000       2.31550983E-03   9.99999975E-06
  -414963.000      -7.47299800E-03   9.99999975E-06
  -413948.000      -8.47554673E-03   9.99999975E-06
  -412962.000      -1.43139232E-02   9.99999975E-06
  -411071.000      -8.13248754E-03   9.99999975E-06
  -410206.000      -2.30502366E-04   9.99999975E-06
  -409383.000      -3.78118502E-03   9.99999975E-06
  -409383.000      -1.79967101E-04   9.99999975E-06
  -408600.000      -2.20105937E-03   9.99999975E-06
  -407093.000       6.19282853E-03   9.99999975E-06
  -406368.000      -1.91015669E-03   9.99999975E-06
  -404927.000       2.56948685E-03   9.99999975E-06
  -404181.000       6.96473755E-03   9.99999975E-06
  -402731.000       1.21978181E-03   9.99999975E-06
  -402000.000       1.25972542E-03   9.99999975E-06
  -400504.000       1.22022361E-03   9.99999975E-06
