# MEAN SYNTHETICS for  CO2 
    1    -797099.000000          0.000000          0.000418          0.000652
    2    -796467.000000          0.003585          0.000413          0.000650
    3    -795202.000000          0.005433          0.000390          0.000645
    4    -794608.000000          0.007106          0.000369          0.000636
    5    -793260.000000          0.002763          0.000329          0.000620
    6    -792943.000000         -0.003308          0.000323          0.000618
    7    -792081.000000          0.007851          0.000307          0.000613
    8    -791491.000000          0.010499          0.000289          0.000608
    9    -790538.000000          0.002093          0.000256          0.000600
   10    -790153.000000          0.004322          0.000244          0.000597
   11    -789381.000000          0.008926          0.000220          0.000593
   12    -788887.000000          0.016024          0.000209          0.000591
   13    -788033.000000          0.017190          0.000186          0.000589
   14    -787805.000000          0.009404          0.000174          0.000587
   15    -787076.000000          0.010016          0.000131          0.000528
   16    -786587.000000         -0.001166          0.000113          0.000419
   17    -785789.000000         -0.005963          0.000104          0.000313
   18    -785413.000000         -0.004284          0.000102          0.000289
   19    -784692.000000         -0.005055          0.000110          0.000279
   20    -784147.000000          0.000980          0.000123          0.000271
   21    -783263.000000         -0.000335          0.000128          0.000267
   22    -782059.000000         -0.001968          0.000130          0.000269
   23    -781535.000000         -0.002350          0.000141          0.000263
   24    -780612.000000         -0.000158          0.000141          0.000263
   25    -780268.000000          0.000881          0.000138          0.000265
   26    -779364.000000         -0.001837          0.000136          0.000263
   27    -778798.000000          0.001503          0.000138          0.000262
   28    -777900.000000          0.000403          0.000149          0.000256
   29    -777556.000000         -0.001741          0.000154          0.000253
   30    -776636.000000         -0.004937          0.000155          0.000252
   31    -776037.000000         -0.002145          0.000157          0.000251
   32    -775051.000000         -0.001276          0.000174          0.000243
   33    -774548.000000         -0.005252          0.000184          0.000238
   34    -773680.000000         -0.004585          0.000197          0.000232
   35    -773043.000000         -0.001496          0.000207          0.000228
   36    -772076.000000         -0.000375          0.000210          0.000227
   37    -771708.000000          0.008333          0.000204          0.000229
   38    -771260.000000          0.008543          0.000196          0.000232
   39    -770994.000000          0.000933          0.000194          0.000233
   40    -770724.000000          0.000000          0.000192          0.000234
   41    -770447.000000         -0.011337          0.000192          0.000234
   42    -770133.000000         -0.014545          0.000192          0.000234
   43    -769787.000000         -0.005493          0.000196          0.000232
   44    -769514.000000         -0.006242          0.000204          0.000229
   45    -769050.000000         -0.006636          0.000218          0.000224
   46    -768655.000000         -0.002818          0.000232          0.000221
   47    -767737.000000         -0.005709          0.000261          0.000216
   48    -767096.000000         -0.001229          0.000275          0.000215
   49    -766110.000000          0.002425          0.000266          0.000215
   50    -765735.000000          0.005403          0.000252          0.000217
   51    -764833.000000          0.004913          0.000230          0.000221
   52    -764249.000000         -0.001335          0.000223          0.000223
   53    -763934.000000          0.002842          0.000222          0.000223
   54    -763686.000000         -0.010407          0.000225          0.000223
   55    -763319.000000         -0.011902          0.000233          0.000221
   56    -762871.000000         -0.002390          0.000244          0.000218
   57    -762064.000000         -0.006982          0.000274          0.000215
   58    -761453.000000         -0.003261          0.000298          0.000215
   59    -760500.000000          0.002158          0.000307          0.000216
   60    -760202.000000          0.006700          0.000305          0.000216
   61    -759306.000000          0.006899          0.000279          0.000214
   62    -758883.000000          0.003249          0.000269          0.000214
   63    -758475.000000         -0.004167          0.000261          0.000215
   64    -758259.000000          0.003119          0.000256          0.000215
   65    -757962.000000         -0.000430          0.000246          0.000216
   66    -757561.000000         -0.007791          0.000239          0.000217
   67    -756871.000000         -0.007475          0.000244          0.000216
   68    -756357.000000         -0.006395          0.000263          0.000214
   69    -755495.000000         -0.004928          0.000306          0.000216
   70    -755241.000000         -0.005540          0.000311          0.000217
   71    -754394.000000         -0.007160          0.000324          0.000219
   72    -753984.000000          0.000494          0.000328          0.000220
   73    -752978.000000         -0.002538          0.000341          0.000223
   74    -752605.000000         -0.005575          0.000344          0.000224
   75    -751830.000000         -0.001380          0.000348          0.000225
   76    -751301.000000         -0.004505          0.000351          0.000226
   77    -750476.000000         -0.001265          0.000349          0.000225
   78    -750194.000000         -0.001023          0.000346          0.000225
   79    -749401.000000         -0.002654          0.000345          0.000224
   80    -748913.000000         -0.001923          0.000350          0.000226
   81    -748101.000000         -0.000520          0.000355          0.000227
   82    -747759.000000          0.000404          0.000353          0.000227
   83    -747110.000000          0.002061          0.000352          0.000227
   84    -746643.000000         -0.000471          0.000351          0.000226
   85    -745836.000000         -0.000611          0.000350          0.000226
   86    -744843.000000          0.000675          0.000351          0.000226
   87    -744354.000000         -0.001276          0.000356          0.000228
   88    -743589.000000          0.000446          0.000362          0.000230
   89    -743233.000000          0.001843          0.000360          0.000229
   90    -742558.000000         -0.003282          0.000350          0.000226
   91    -742075.000000         -0.004556          0.000347          0.000225
   92    -741307.000000          0.000664          0.000340          0.000222
   93    -741021.000000          0.002233          0.000340          0.000222
   94    -740277.000000          0.005428          0.000333          0.000220
   95    -739842.000000          0.016579          0.000306          0.000214
   96    -739137.000000          0.015331          0.000267          0.000210
   97    -738844.000000          0.010058          0.000255          0.000210
   98    -738272.000000          0.010785          0.000244          0.000210
   99    -737889.000000          0.004771          0.000226          0.000212
  100    -737266.000000         -0.002924          0.000217          0.000213
  101    -737034.000000         -0.001985          0.000217          0.000213
  102    -736460.000000         -0.004188          0.000203          0.000215
  103    -736079.000000         -0.008392          0.000195          0.000217
  104    -735459.000000         -0.002632          0.000199          0.000216
  105    -735167.000000          0.007135          0.000203          0.000216
  106    -734604.000000          0.003814          0.000202          0.000216
  107    -734223.000000         -0.002828          0.000199          0.000216
  108    -733543.000000         -0.001455          0.000196          0.000217
  109    -733261.000000          0.001508          0.000195          0.000217
  110    -732548.000000         -0.000089          0.000211          0.000214
  111    -732141.000000         -0.000820          0.000224          0.000212
  112    -731329.000000          0.000252          0.000243          0.000210
  113    -730949.000000         -0.000874          0.000242          0.000210
  114    -730299.000000          0.000641          0.000243          0.000210
  115    -728921.000000          0.000635          0.000259          0.000210
  116    -728568.000000          0.000084          0.000262          0.000210
  117    -727732.000000         -0.000436          0.000267          0.000210
  118    -727192.000000          0.001844          0.000266          0.000210
  119    -726322.000000          0.001673          0.000258          0.000210
  120    -725937.000000         -0.001425          0.000238          0.000210
  121    -725059.000000          0.002480          0.000239          0.000210
  122    -724445.000000          0.004326          0.000254          0.000210
  123    -723464.000000          0.002363          0.000306          0.000214
  124    -723133.000000         -0.001333          0.000320          0.000217
  125    -722039.000000         -0.003912          0.000352          0.000226
  126    -721318.000000         -0.009459          0.000345          0.000224
  127    -720337.000000         -0.012139          0.000313          0.000216
  128    -719794.000000         -0.006996          0.000301          0.000213
  129    -718779.000000          0.002948          0.000289          0.000212
  130    -718064.000000          0.012077          0.000278          0.000210
  131    -717065.000000          0.011176          0.000257          0.000210
  132    -716704.000000          0.013004          0.000250          0.000210
  133    -715750.000000          0.006299          0.000241          0.000210
  134    -715180.000000         -0.000274          0.000224          0.000212
  135    -714288.000000          0.003441          0.000203          0.000216
  136    -713843.000000         -0.002199          0.000200          0.000216
  137    -712833.000000         -0.001486          0.000210          0.000214
  138    -711421.000000          0.000231          0.000202          0.000216
  139    -711104.000000          0.001267          0.000201          0.000216
  140    -710237.000000          0.000562          0.000203          0.000216
  141    -709680.000000          0.002064          0.000197          0.000217
  142    -706409.000000          0.002515          0.000192          0.000218
  143    -706141.000000          0.000400          0.000189          0.000219
  144    -705410.000000          0.004538          0.000176          0.000222
  145    -704973.000000          0.002252          0.000175          0.000223
  146    -704211.000000         -0.002599          0.000165          0.000226
  147    -703934.000000          0.001935          0.000159          0.000228
  148    -703384.000000          0.001268          0.000148          0.000232
  149    -702988.000000         -0.002493          0.000149          0.000232
  150    -702381.000000         -0.003735          0.000148          0.000232
  151    -702158.000000         -0.001935          0.000141          0.000235
  152    -701606.000000         -0.001201          0.000128          0.000241
  153    -701242.000000         -0.001392          0.000139          0.000236
  154    -700744.000000          0.000586          0.000146          0.000233
  155    -700389.000000         -0.001916          0.000152          0.000231
  156    -699909.000000         -0.001455          0.000156          0.000229
  157    -699633.000000          0.002107          0.000152          0.000231
  158    -699102.000000         -0.001594          0.000146          0.000233
  159    -698880.000000          0.000419          0.000139          0.000236
  160    -698386.000000          0.006053          0.000130          0.000240
  161    -698120.000000          0.005785          0.000131          0.000239
  162    -697660.000000          0.001774          0.000132          0.000239
  163    -697331.000000          0.001004          0.000126          0.000242
  164    -696963.000000          0.004886          0.000132          0.000239
  165    -696717.000000          0.002811          0.000137          0.000237
  166    -696287.000000         -0.001221          0.000129          0.000240
  167    -696062.000000          0.004185          0.000128          0.000241
  168    -695618.000000          0.003093          0.000131          0.000239
  169    -695383.000000         -0.001034          0.000130          0.000240
  170    -694941.000000         -0.001266          0.000134          0.000238
  171    -694672.000000         -0.003900          0.000136          0.000237
  172    -694300.000000         -0.000662          0.000132          0.000239
  173    -694068.000000         -0.000454          0.000130          0.000240
  174    -693639.000000         -0.002047          0.000122          0.000243
  175    -693433.000000          0.001079          0.000121          0.000244
  176    -692990.000000         -0.001796          0.000133          0.000238
  177    -692765.000000          0.001687          0.000142          0.000235
  178    -692338.000000          0.003672          0.000151          0.000231
  179    -692057.000000          0.001051          0.000156          0.000229
  180    -691672.000000          0.000160          0.000159          0.000228
  181    -691432.000000         -0.003863          0.000156          0.000229
  182    -690999.000000          0.006657          0.000154          0.000230
  183    -690771.000000          0.001135          0.000162          0.000227
  184    -690294.000000         -0.006162          0.000170          0.000225
  185    -690057.000000          0.007381          0.000171          0.000224
  186    -689603.000000          0.000266          0.000178          0.000222
  187    -689304.000000         -0.006925          0.000187          0.000219
  188    -688881.000000          0.000000          0.000185          0.000220
  189    -688652.000000         -0.002770          0.000182          0.000221
  190    -688195.000000         -0.004979          0.000182          0.000221
  191    -687949.000000         -0.005793          0.000183          0.000220
  192    -687470.000000         -0.004986          0.000190          0.000219
  193    -687227.000000         -0.002016          0.000195          0.000217
  194    -686726.000000         -0.005486          0.000202          0.000216
  195    -686425.000000         -0.003887          0.000209          0.000214
  196    -685980.000000         -0.001128          0.000219          0.000213
  197    -685716.000000         -0.006160          0.000221          0.000212
  198    -685217.000000         -0.005215          0.000222          0.000212
  199    -684949.000000         -0.000376          0.000225          0.000212
  200    -684419.000000         -0.002478          0.000236          0.000211
  201    -684142.000000         -0.002354          0.000243          0.000210
  202    -683612.000000          0.001364          0.000247          0.000210
  203    -683262.000000          0.004471          0.000243          0.000210
  204    -682762.000000          0.004779          0.000245          0.000210
  205    -682446.000000         -0.001752          0.000254          0.000210
  206    -681849.000000         -0.005792          0.000276          0.000210
  207    -681531.000000         -0.003767          0.000296          0.000212
  208    -680920.000000          0.001192          0.000308          0.000215
  209    -680608.000000          0.010489          0.000300          0.000213
  210    -680081.000000          0.005251          0.000278          0.000210
  211    -679732.000000          0.006393          0.000262          0.000210
  212    -679252.000000          0.009535          0.000237          0.000211
  213    -678914.000000         -0.000312          0.000225          0.000212
  214    -678291.000000         -0.004624          0.000256          0.000210
  215    -677984.000000         -0.013831          0.000283          0.000211
  216    -677380.000000         -0.011900          0.000310          0.000215
  217    -677068.000000         -0.003972          0.000296          0.000213
  218    -676524.000000          0.002004          0.000269          0.000210
  219    -676170.000000          0.006417          0.000264          0.000210
  220    -675589.000000         -0.002244          0.000275          0.000210
  221    -674521.000000         -0.007627          0.000307          0.000214
  222    -674173.000000         -0.010899          0.000316          0.000216
  223    -673475.000000         -0.009740          0.000323          0.000218
  224    -673095.000000         -0.006887          0.000329          0.000219
  225    -672386.000000         -0.005304          0.000340          0.000222
  226    -671926.000000         -0.000182          0.000338          0.000222
  227    -671286.000000          0.000099          0.000323          0.000218
  228    -670916.000000         -0.004775          0.000315          0.000216
  229    -670176.000000         -0.006094          0.000308          0.000214
  230    -669751.000000         -0.008696          0.000314          0.000216
  231    -668934.000000         -0.007592          0.000348          0.000225
  232    -668447.000000         -0.005055          0.000360          0.000229
  233    -667569.000000         -0.001997          0.000363          0.000230
  234    -666995.000000          0.004946          0.000365          0.000231
  235    -666174.000000          0.004074          0.000366          0.000232
  236    -665645.000000          0.004919          0.000365          0.000231
  237    -664690.000000          0.007502          0.000353          0.000227
  238    -664192.000000          0.002156          0.000342          0.000223
  239    -663206.000000         -0.000854          0.000329          0.000219
  240    -662669.000000          0.000514          0.000332          0.000220
  241    -661650.000000         -0.000711          0.000344          0.000224
  242    -660981.000000         -0.003768          0.000352          0.000226
  243    -660084.000000         -0.002883          0.000334          0.000221
  244    -659524.000000          0.003292          0.000339          0.000222
  245    -658474.000000          0.005559          0.000322          0.000218
  246    -657923.000000          0.005967          0.000314          0.000216
  247    -656882.000000          0.004337          0.000297          0.000213
  248    -656286.000000         -0.003274          0.000291          0.000212
  249    -655202.000000         -0.003916          0.000306          0.000214
  250    -654473.000000         -0.004504          0.000320          0.000217
  251    -653448.000000         -0.003291          0.000328          0.000219
  252    -652802.000000          0.003541          0.000324          0.000218
  253    -651556.000000          0.001047          0.000309          0.000215
  254    -650891.000000          0.001430          0.000313          0.000216
  255    -649598.000000          0.002211          0.000302          0.000213
  256    -648946.000000         -0.002139          0.000309          0.000215
  257    -647588.000000         -0.001574          0.000324          0.000218
  258    -646723.000000          0.001936          0.000324          0.000218
  259    -645470.000000          0.002669          0.000322          0.000218
  260    -644662.000000         -0.001853          0.000322          0.000218
  261    -643204.000000         -0.001728          0.000332          0.000220
  262    -642405.000000         -0.000532          0.000343          0.000223
  263    -640760.000000         -0.000978          0.000360          0.000229
  264    -639848.000000          0.001975          0.000359          0.000229
  265    -638127.000000          0.001833          0.000350          0.000226
  266    -636957.000000         -0.000152          0.000350          0.000226
  267    -635489.000000         -0.000381          0.000362          0.000230
  268    -634592.000000          0.000646          0.000360          0.000229
  269    -632856.000000          0.002856          0.000347          0.000225
  270    -632001.000000          0.001679          0.000358          0.000229
  271    -630295.000000         -0.000313          0.000352          0.000226
  272    -629446.000000          0.002221          0.000341          0.000223
  273    -627999.000000          0.007248          0.000272          0.000210
  274    -627211.000000          0.012780          0.000231          0.000211
  275    -626215.000000          0.011822          0.000179          0.000222
  276    -625570.000000          0.006230          0.000150          0.000231
  277    -624690.000000          0.001825          0.000156          0.000229
  278    -623214.000000          0.001945          0.000162          0.000227
  279    -621760.000000          0.002364          0.000154          0.000230
  280    -620338.000000          0.001747          0.000134          0.000238
  281    -618955.000000          0.002470          0.000144          0.000234
  282    -617544.000000          0.001650          0.000144          0.000234
  283    -616227.000000          0.000076          0.000117          0.000246
  284    -614923.000000          0.001430          0.000105          0.000252
  285    -613709.000000          0.002283          0.000108          0.000250
  286    -612514.000000          0.001506          0.000110          0.000249
  287    -611319.000000         -0.000126          0.000117          0.000246
  288    -610136.000000         -0.000167          0.000108          0.000250
  289    -608929.000000         -0.001277          0.000122          0.000246
  290    -607708.000000         -0.004188          0.000143          0.000237
  291    -606374.000000         -0.003837          0.000172          0.000226
  292    -605076.000000         -0.003480          0.000184          0.000222
  293    -603673.000000         -0.002359          0.000206          0.000217
  294    -602278.000000         -0.002365          0.000211          0.000216
  295    -600882.000000         -0.002989          0.000237          0.000212
  296    -599434.000000         -0.003172          0.000245          0.000211
  297    -598833.000000         -0.007084          0.000250          0.000211
  298    -597966.000000         -0.006978          0.000279          0.000211
  299    -597443.000000         -0.001792          0.000287          0.000212
  300    -596515.000000          0.003282          0.000273          0.000211
  301    -595950.000000          0.012443          0.000245          0.000211
  302    -595189.000000          0.012815          0.000207          0.000216
  303    -594639.000000          0.003942          0.000203          0.000217
  304    -593870.000000         -0.003922          0.000219          0.000214
  305    -593415.000000         -0.007417          0.000229          0.000213
  306    -592697.000000         -0.006602          0.000241          0.000211
  307    -592279.000000          0.004435          0.000248          0.000211
  308    -590893.000000          0.009208          0.000233          0.000212
  309    -590335.000000          0.010439          0.000183          0.000222
  310    -589868.000000          0.005941          0.000184          0.000222
  311    -589224.000000         -0.001562          0.000195          0.000423
  312    -588716.000000         -0.009580          0.000153          0.000935
  313    -588034.000000         -0.011132          0.000175          0.000882
  314    -587647.000000         -0.011218          0.000209          0.000729
  315    -586893.000000         -0.008380          0.000238          0.000608
  316    -586406.000000         -0.004425          0.000214          0.000722
  317    -583413.000000         -0.005130          0.000294          0.000697
  318    -583034.000000         -0.000685          0.000314          0.000822
  319    -582391.000000          0.008414          0.000404          0.001054
  320    -582000.000000          0.010747          0.000390          0.001079
  321    -581507.000000          0.011667          0.000379          0.001085
  322    -581160.000000          0.013424          0.000358          0.001081
  323    -580695.000000          0.014474          0.000347          0.001079
  324    -580400.000000          0.019970          0.000324          0.001076
  325    -580019.000000          0.013644          0.000290          0.001072
  326    -579821.000000          0.013185          0.000283          0.001071
  327    -579435.000000          0.009129          0.000270          0.001033
  328    -578857.000000         -0.002124          0.000175          0.000690
  329    -578305.000000         -0.001654          0.000155          0.000478
  330    -577769.000000          0.002070          0.000159          0.000424
  331    -577242.000000          0.000191          0.000150          0.000376
  332    -576723.000000          0.001569          0.000154          0.000369
  333    -576222.000000          0.001208          0.000138          0.000322
  334    -575730.000000         -0.004180          0.000126          0.000303
  335    -575265.000000         -0.000431          0.000113          0.000308
  336    -574803.000000          0.003289          0.000119          0.000305
  337    -574353.000000         -0.000333          0.000117          0.000248
  338    -573902.000000         -0.003591          0.000116          0.000249
  339    -573462.000000         -0.003006          0.000125          0.000244
  340    -573037.000000         -0.001186          0.000119          0.000247
  341    -572619.000000         -0.003424          0.000120          0.000246
  342    -572190.000000          0.003081          0.000132          0.000241
  343    -571775.000000          0.006440          0.000127          0.000243
  344    -571367.000000         -0.000854          0.000119          0.000247
  345    -570955.000000          0.000244          0.000121          0.000246
  346    -570548.000000          0.002696          0.000125          0.000244
  347    -570139.000000         -0.000610          0.000122          0.000246
  348    -569728.000000         -0.002228          0.000121          0.000246
  349    -569331.000000          0.000000          0.000110          0.000251
  350    -568946.000000          0.000258          0.000130          0.000242
  351    -568556.000000          0.002182          0.000124          0.000242
  352    -568167.000000          0.003338          0.000123          0.000242
  353    -567777.000000          0.001145          0.000134          0.000237
  354    -567381.000000          0.000519          0.000116          0.000246
  355    -567007.000000          0.000787          0.000128          0.000240
  356    -566619.000000          0.000904          0.000136          0.000237
  357    -566233.000000         -0.000260          0.000134          0.000237
  358    -565851.000000         -0.000261          0.000128          0.000240
  359    -565466.000000         -0.003747          0.000146          0.000232
  360    -565077.000000         -0.001434          0.000142          0.000234
  361    -564699.000000          0.001305          0.000158          0.000228
  362    -564311.000000         -0.001536          0.000155          0.000229
  363    -563918.000000         -0.006045          0.000167          0.000225
  364    -563517.000000         -0.006974          0.000178          0.000221
  365    -563115.000000         -0.002297          0.000182          0.000220
  366    -562690.000000         -0.004152          0.000192          0.000218
  367    -562272.000000         -0.006635          0.000202          0.000216
  368    -561846.000000         -0.008515          0.000214          0.000214
  369    -561309.000000         -0.006004          0.000225          0.000212
  370    -560930.000000         -0.002588          0.000238          0.000211
  371    -560459.000000         -0.003132          0.000252          0.000211
  372    -559972.000000         -0.003607          0.000260          0.000211
  373    -559461.000000         -0.001246          0.000290          0.000215
  374    -558929.000000          0.001779          0.000301          0.000217
  375    -558393.000000         -0.000804          0.000268          0.000212
  376    -558183.000000          0.008498          0.000260          0.000211
  377    -557887.000000          0.010526          0.000255          0.000211
  378    -557385.000000          0.005912          0.000238          0.000211
  379    -556889.000000          0.011346          0.000228          0.000212
  380    -556724.000000          0.019238          0.000218          0.000213
  381    -556364.000000         -0.002754          0.000218          0.000213
  382    -556143.000000         -0.002667          0.000221          0.000213
  383    -555839.000000         -0.001976          0.000180          0.000221
  384    -555637.000000         -0.016397          0.000176          0.000222
  385    -555345.000000         -0.011290          0.000183          0.000220
  386    -554831.000000         -0.013107          0.000215          0.000214
  387    -554254.000000         -0.007967          0.000230          0.000212
  388    -553626.000000         -0.002398          0.000250          0.000211
  389    -552961.000000         -0.002907          0.000281          0.000213
  390    -552250.000000         -0.001527          0.000301          0.000217
  391    -551979.000000          0.007519          0.000297          0.000216
  392    -551452.000000          0.000234          0.000285          0.000214
  393    -551124.000000         -0.005644          0.000275          0.000213
  394    -550637.000000         -0.001855          0.000256          0.000211
  395    -549830.000000         -0.003815          0.000281          0.000213
  396    -548933.000000         -0.003391          0.000312          0.000219
  397    -547972.000000         -0.004706          0.000304          0.000217
  398    -547573.000000         -0.011575          0.000305          0.000218
  399    -547013.000000         -0.002597          0.000322          0.000222
  400    -545956.000000          0.003259          0.000344          0.000230
  401    -544804.000000          0.002193          0.000344          0.000229
  402    -543676.000000          0.000261          0.000319          0.000221
  403    -542502.000000         -0.000644          0.000310          0.000219
  404    -541345.000000         -0.002853          0.000320          0.000221
  405    -540154.000000         -0.001299          0.000322          0.000222
  406    -538959.000000          0.003188          0.000331          0.000225
  407    -537770.000000          0.003380          0.000293          0.000215
  408    -536622.000000         -0.002099          0.000300          0.000217
  409    -535483.000000         -0.003499          0.000304          0.000217
  410    -534364.000000         -0.003129          0.000313          0.000220
  411    -533246.000000         -0.002316          0.000327          0.000224
  412    -532119.000000         -0.005619          0.000321          0.000222
  413    -531662.000000         -0.005535          0.000313          0.000220
  414    -531035.000000          0.004708          0.000305          0.000218
  415    -530685.000000          0.006084          0.000289          0.000215
  416    -530016.000000          0.008900          0.000255          0.000211
  417    -529640.000000          0.012459          0.000246          0.000211
  418    -529101.000000          0.011310          0.000222          0.000213
  419    -528747.000000          0.011085          0.000218          0.000213
  420    -528262.000000          0.004486          0.000214          0.000214
  421    -527454.000000          0.000312          0.000233          0.000212
  422    -526661.000000          0.001552          0.000231          0.000212
  423    -525908.000000          0.002338          0.000237          0.000211
  424    -525164.000000          0.003402          0.000218          0.000213
  425    -524409.000000          0.003738          0.000216          0.000213
  426    -523666.000000          0.003970          0.000217          0.000213
  427    -522923.000000          0.003793          0.000227          0.000212
  428    -522216.000000          0.002261          0.000189          0.000218
  429    -521552.000000          0.004607          0.000187          0.000219
  430    -520892.000000          0.002590          0.000187          0.000219
  431    -518965.000000          0.001407          0.000186          0.000219
  432    -518334.000000          0.003336          0.000192          0.000218
  433    -517706.000000         -0.000158          0.000206          0.000215
  434    -517069.000000         -0.001707          0.000212          0.000214
  435    -516417.000000          0.000693          0.000221          0.000213
  436    -515771.000000          0.001304          0.000208          0.000215
  437    -515113.000000         -0.002385          0.000235          0.000211
  438    -514429.000000         -0.004104          0.000235          0.000211
  439    -513724.000000         -0.002654          0.000246          0.000211
  440    -512997.000000         -0.002268          0.000257          0.000211
  441    -512269.000000          0.001889          0.000259          0.000211
  442    -511515.000000         -0.001995          0.000268          0.000212
  443    -510765.000000         -0.003716          0.000263          0.000212
  444    -510008.000000         -0.001186          0.000260          0.000211
  445    -509247.000000          0.002546          0.000266          0.000212
  446    -508476.000000          0.002348          0.000269          0.000212
  447    -507714.000000         -0.001433          0.000224          0.000212
  448    -507011.000000         -0.000701          0.000227          0.000212
  449    -506287.000000         -0.001806          0.000237          0.000211
  450    -505516.000000         -0.001391          0.000250          0.000211
  451    -504777.000000         -0.000977          0.000219          0.000213
  452    -504083.000000         -0.001213          0.000218          0.000213
  453    -503375.000000         -0.001440          0.000217          0.000213
  454    -502625.000000         -0.000663          0.000220          0.000213
  455    -501866.000000         -0.000803          0.000225          0.000212
  456    -501130.000000         -0.001996          0.000220          0.000213
  457    -500363.000000          0.000000          0.000215          0.000213
  458    -499610.000000          0.001602          0.000209          0.000214
  459    -498865.000000          0.001328          0.000200          0.000216
  460    -498104.000000          0.003936          0.000201          0.000216
  461    -497366.000000          0.002406          0.000195          0.000217
  462    -496608.000000          0.000727          0.000198          0.000216
  463    -495853.000000          0.001379          0.000192          0.000218
  464    -495085.000000          0.000454          0.000198          0.000216
  465    -494311.000000          0.000380          0.000197          0.000217
  466    -493507.000000          0.000890          0.000180          0.000221
  467    -492738.000000          0.002972          0.000187          0.000219
  468    -491959.000000          0.004525          0.000181          0.000220
  469    -491191.000000         -0.000264          0.000174          0.000222
  470    -490445.000000         -0.002791          0.000155          0.000229
  471    -489722.000000          0.006186          0.000147          0.000232
  472    -489475.000000          0.014050          0.000150          0.000231
  473    -488996.000000         -0.010687          0.000155          0.000229
  474    -488689.000000         -0.014835          0.000127          0.000240
  475    -488268.000000         -0.003310          0.000153          0.000230
  476    -487541.000000         -0.007369          0.000157          0.000228
  477    -486816.000000         -0.002804          0.000164          0.000226
  478    -486043.000000          0.001104          0.000184          0.000220
  479    -485276.000000         -0.001077          0.000186          0.000219
  480    -484465.000000         -0.000983          0.000187          0.000219
  481    -483649.000000          0.000120          0.000197          0.000217
  482    -482803.000000         -0.002388          0.000208          0.000214
  483    -481932.000000         -0.004525          0.000219          0.000213
  484    -481035.000000         -0.001919          0.000236          0.000211
  485    -480108.000000         -0.002433          0.000238          0.000211
  486    -479144.000000         -0.002163          0.000263          0.000211
  487    -478721.000000          0.012255          0.000270          0.000212
  488    -478124.000000          0.015669          0.000247          0.000211
  489    -477719.000000          0.008108          0.000230          0.000212
  490    -477162.000000          0.000068          0.000205          0.000215
  491    -476240.000000         -0.003241          0.000227          0.000212
  492    -475218.000000         -0.001684          0.000264          0.000212
  493    -474162.000000          0.003970          0.000306          0.000218
  494    -473102.000000          0.006047          0.000263          0.000212
  495    -472095.000000          0.002016          0.000211          0.000214
  496    -471763.000000         -0.001811          0.000218          0.000213
  497    -471046.000000         -0.009605          0.000241          0.000257
  498    -470597.000000         -0.013122          0.000267          0.000243
  499    -469941.000000         -0.012422          0.000304          0.000232
  500    -469470.000000         -0.012113          0.000301          0.000232
  501    -468810.000000         -0.010636          0.000307          0.000231
  502    -468323.000000         -0.008278          0.000334          0.000231
  503    -467602.000000         -0.001506          0.000355          0.000235
  504    -466265.000000         -0.000402          0.000347          0.000233
  505    -464866.000000          0.001673          0.000352          0.000234
  506    -463456.000000          0.002049          0.000327          0.000231
  507    -462133.000000         -0.001639          0.000314          0.000231
  508    -461687.000000         -0.007532          0.000323          0.000230
  509    -460792.000000         -0.004785          0.000349          0.000234
  510    -459430.000000         -0.003354          0.000359          0.000237
  511    -458049.000000          0.000387          0.000366          0.000239
  512    -456591.000000          0.004224          0.000360          0.000237
  513    -455279.000000          0.004984          0.000311          0.000228
  514    -454023.000000          0.000510          0.000287          0.000229
  515    -453514.000000         -0.003257          0.000301          0.000228
  516    -452795.000000         -0.003412          0.000331          0.000230
  517    -452283.000000         -0.009817          0.000317          0.000228
  518    -451593.000000         -0.003173          0.000296          0.000228
  519    -450455.000000          0.002512          0.000329          0.000230
  520    -449244.000000          0.003656          0.000315          0.000228
  521    -448103.000000          0.002876          0.000291          0.000229
  522    -446984.000000         -0.000308          0.000285          0.000232
  523    -445829.000000         -0.001371          0.000327          0.000234
  524    -444650.000000          0.003044          0.000326          0.000248
  525    -443562.000000          0.000804          0.000320          0.000247
  526    -442411.000000         -0.002989          0.000355          0.000256
  527    -441220.000000         -0.001546          0.000371          0.000263
  528    -439565.000000          0.000314          0.000382          0.000280
  529    -438356.000000          0.000912          0.000377          0.000292
  530    -437152.000000         -0.000127          0.000392          0.000306
  531    -435989.000000         -0.000426          0.000368          0.000320
  532    -434804.000000          0.002505          0.000362          0.000328
  533    -433674.000000          0.004308          0.000362          0.000345
  534    -432599.000000          0.000045          0.000366          0.000374
  535    -431445.000000          0.001107          0.000367          0.000396
  536    -431063.000000          0.012492          0.000366          0.000398
  537    -429876.000000          0.003986          0.000328          0.000389
  538    -429006.000000          0.006623          0.000300          0.000368
  539    -427566.000000          0.016560          0.000236          0.000331
  540    -427285.000000          0.009917          0.000210          0.000319
  541    -426598.000000          0.005420          0.000170          0.000306
  542    -425975.000000          0.012925          0.000151          0.000303
  543    -425569.000000          0.020055          0.000146          0.000302
  544    -425242.000000          0.007407          0.000110          0.000301
  545    -424840.000000         -0.001868          0.000080          0.000305
  546    -424332.000000         -0.002881          0.000124          0.000300
  547    -423764.000000          0.001367          0.000158          0.000304
  548    -422649.000000         -0.000769          0.000136          0.000301
  549    -422074.000000         -0.001717          0.000146          0.000302
  550    -421484.000000          0.004292          0.000132          0.000301
  551    -420350.000000          0.001551          0.000097          0.000302
  552    -419808.000000         -0.000092          0.000092          0.000303
  553    -419260.000000          0.002175          0.000091          0.000303
  554    -418245.000000         -0.001216          0.000080          0.000305
  555    -417698.000000         -0.001139          0.000070          0.000307
  556    -417191.000000         -0.000066          0.000052          0.000312
  557    -416193.000000          0.002035          0.000078          0.000305
  558    -415717.000000         -0.000081          0.000071          0.000307
  559    -414963.000000         -0.006501          0.000076          0.000305
  560    -413948.000000          0.001649          0.000061          0.000309
  561    -412962.000000          0.006465          0.000062          0.000309
  562    -411071.000000          0.002794          0.000030          0.000321
  563    -410206.000000         -0.004917          0.000026          0.000323
  564    -409383.000000         -0.010207          0.000012          0.000329
  565    -409383.000000          0.011877          0.000012          0.000329
  566    -408600.000000          0.004978          0.000018          0.000326
  567    -407093.000000         -0.002195         -0.000022          0.000348
  568    -406368.000000         -0.002355          0.000016          0.000327
  569    -404927.000000         -0.001417          0.000017          0.000327
  570    -404181.000000         -0.002186          0.000022          0.000324
  571    -402731.000000          0.003026          0.000010          0.000330
  572    -402000.000000          0.003368          0.000026          0.000323
  573    -400504.000000         -0.002634          0.000030          0.000321
