# temporal CO2 derivative time series from Luthi et al.,(2008)
# 
 -797099.0   -137.0 # Time interval
  1095  # N°of data-points 
# 
#  Time [kyrs]   dC/dt [ppmv/yr]   Sigma
-797099.000000 	 0.000000 	 0.000010
-796467.000000 	 0.003585 	 0.000010
-795202.000000 	 0.005433 	 0.000010
-794608.000000 	 0.007106 	 0.000010
-793260.000000 	 0.002763 	 0.000010
-792943.000000 	 -0.003308 	 0.000010
-792081.000000 	 0.007851 	 0.000010
-791491.000000 	 0.010499 	 0.000010
-790538.000000 	 0.002093 	 0.000010
-790153.000000 	 0.004322 	 0.000010
-789381.000000 	 0.008926 	 0.000010
-788887.000000 	 0.016024 	 0.000010
-788033.000000 	 0.017190 	 0.000010
-787805.000000 	 0.009404 	 0.000010
-787076.000000 	 0.010016 	 0.000010
-786587.000000 	 -0.001166 	 0.000010
-785789.000000 	 -0.005963 	 0.000010
-785413.000000 	 -0.004284 	 0.000010
-784692.000000 	 -0.005055 	 0.000010
-784147.000000 	 0.000980 	 0.000010
-783263.000000 	 -0.000335 	 0.000010
-782059.000000 	 -0.001968 	 0.000010
-781535.000000 	 -0.002350 	 0.000010
-780612.000000 	 -0.000158 	 0.000010
-780268.000000 	 0.000881 	 0.000010
-779364.000000 	 -0.001837 	 0.000010
-778798.000000 	 0.001503 	 0.000010
-777900.000000 	 0.000403 	 0.000010
-777556.000000 	 -0.001741 	 0.000010
-776636.000000 	 -0.004937 	 0.000010
-776037.000000 	 -0.002145 	 0.000010
-775051.000000 	 -0.001276 	 0.000010
-774548.000000 	 -0.005252 	 0.000010
-773680.000000 	 -0.004585 	 0.000010
-773043.000000 	 -0.001496 	 0.000010
-772076.000000 	 -0.000375 	 0.000010
-771708.000000 	 0.008333 	 0.000010
-771260.000000 	 0.008543 	 0.000010
-770994.000000 	 0.000933 	 0.000010
-770724.000000 	 0.000000 	 0.000010
-770447.000000 	 -0.011337 	 0.000010
-770133.000000 	 -0.014545 	 0.000010
-769787.000000 	 -0.005493 	 0.000010
-769514.000000 	 -0.006242 	 0.000010
-769050.000000 	 -0.006636 	 0.000010
-768655.000000 	 -0.002818 	 0.000010
-767737.000000 	 -0.005709 	 0.000010
-767096.000000 	 -0.001229 	 0.000010
-766110.000000 	 0.002425 	 0.000010
-765735.000000 	 0.005403 	 0.000010
-764833.000000 	 0.004913 	 0.000010
-764249.000000 	 -0.001335 	 0.000010
-763934.000000 	 0.002842 	 0.000010
-763686.000000 	 -0.010407 	 0.000010
-763319.000000 	 -0.011902 	 0.000010
-762871.000000 	 -0.002390 	 0.000010
-762064.000000 	 -0.006982 	 0.000010
-761453.000000 	 -0.003261 	 0.000010
-760500.000000 	 0.002158 	 0.000010
-760202.000000 	 0.006700 	 0.000010
-759306.000000 	 0.006899 	 0.000010
-758883.000000 	 0.003249 	 0.000010
-758475.000000 	 -0.004167 	 0.000010
-758259.000000 	 0.003119 	 0.000010
-757962.000000 	 -0.000430 	 0.000010
-757561.000000 	 -0.007791 	 0.000010
-756871.000000 	 -0.007475 	 0.000010
-756357.000000 	 -0.006395 	 0.000010
-755495.000000 	 -0.004928 	 0.000010
-755241.000000 	 -0.005540 	 0.000010
-754394.000000 	 -0.007160 	 0.000010
-753984.000000 	 0.000494 	 0.000010
-752978.000000 	 -0.002538 	 0.000010
-752605.000000 	 -0.005575 	 0.000010
-751830.000000 	 -0.001380 	 0.000010
-751301.000000 	 -0.004505 	 0.000010
-750476.000000 	 -0.001265 	 0.000010
-750194.000000 	 -0.001023 	 0.000010
-749401.000000 	 -0.002654 	 0.000010
-748913.000000 	 -0.001923 	 0.000010
-748101.000000 	 -0.000520 	 0.000010
-747759.000000 	 0.000404 	 0.000010
-747110.000000 	 0.002061 	 0.000010
-746643.000000 	 -0.000471 	 0.000010
-745836.000000 	 -0.000611 	 0.000010
-744843.000000 	 0.000675 	 0.000010
-744354.000000 	 -0.001276 	 0.000010
-743589.000000 	 0.000446 	 0.000010
-743233.000000 	 0.001843 	 0.000010
-742558.000000 	 -0.003282 	 0.000010
-742075.000000 	 -0.004556 	 0.000010
-741307.000000 	 0.000664 	 0.000010
-741021.000000 	 0.002233 	 0.000010
-740277.000000 	 0.005428 	 0.000010
-739842.000000 	 0.016579 	 0.000010
-739137.000000 	 0.015331 	 0.000010
-738844.000000 	 0.010058 	 0.000010
-738272.000000 	 0.010785 	 0.000010
-737889.000000 	 0.004771 	 0.000010
-737266.000000 	 -0.002924 	 0.000010
-737034.000000 	 -0.001985 	 0.000010
-736460.000000 	 -0.004188 	 0.000010
-736079.000000 	 -0.008392 	 0.000010
-735459.000000 	 -0.002632 	 0.000010
-735167.000000 	 0.007135 	 0.000010
-734604.000000 	 0.003814 	 0.000010
-734223.000000 	 -0.002828 	 0.000010
-733543.000000 	 -0.001455 	 0.000010
-733261.000000 	 0.001508 	 0.000010
-732548.000000 	 -0.000089 	 0.000010
-732141.000000 	 -0.000820 	 0.000010
-731329.000000 	 0.000252 	 0.000010
-730949.000000 	 -0.000874 	 0.000010
-730299.000000 	 0.000641 	 0.000010
-728921.000000 	 0.000635 	 0.000010
-728568.000000 	 0.000084 	 0.000010
-727732.000000 	 -0.000436 	 0.000010
-727192.000000 	 0.001844 	 0.000010
-726322.000000 	 0.001673 	 0.000010
-725937.000000 	 -0.001425 	 0.000010
-725059.000000 	 0.002480 	 0.000010
-724445.000000 	 0.004326 	 0.000010
-723464.000000 	 0.002363 	 0.000010
-723133.000000 	 -0.001333 	 0.000010
-722039.000000 	 -0.003912 	 0.000010
-721318.000000 	 -0.009459 	 0.000010
-720337.000000 	 -0.012139 	 0.000010
-719794.000000 	 -0.006996 	 0.000010
-718779.000000 	 0.002948 	 0.000010
-718064.000000 	 0.012077 	 0.000010
-717065.000000 	 0.011176 	 0.000010
-716704.000000 	 0.013004 	 0.000010
-715750.000000 	 0.006299 	 0.000010
-715180.000000 	 -0.000274 	 0.000010
-714288.000000 	 0.003441 	 0.000010
-713843.000000 	 -0.002199 	 0.000010
-712833.000000 	 -0.001486 	 0.000010
-711421.000000 	 0.000231 	 0.000010
-711104.000000 	 0.001267 	 0.000010
-710237.000000 	 0.000562 	 0.000010
-709680.000000 	 0.002064 	 0.000010
-706409.000000 	 0.002515 	 0.000010
-706141.000000 	 0.000400 	 0.000010
-705410.000000 	 0.004538 	 0.000010
-704973.000000 	 0.002252 	 0.000010
-704211.000000 	 -0.002599 	 0.000010
-703934.000000 	 0.001935 	 0.000010
-703384.000000 	 0.001268 	 0.000010
-702988.000000 	 -0.002493 	 0.000010
-702381.000000 	 -0.003735 	 0.000010
-702158.000000 	 -0.001935 	 0.000010
-701606.000000 	 -0.001201 	 0.000010
-701242.000000 	 -0.001392 	 0.000010
-700744.000000 	 0.000586 	 0.000010
-700389.000000 	 -0.001916 	 0.000010
-699909.000000 	 -0.001455 	 0.000010
-699633.000000 	 0.002107 	 0.000010
-699102.000000 	 -0.001594 	 0.000010
-698880.000000 	 0.000419 	 0.000010
-698386.000000 	 0.006053 	 0.000010
-698120.000000 	 0.005785 	 0.000010
-697660.000000 	 0.001774 	 0.000010
-697331.000000 	 0.001004 	 0.000010
-696963.000000 	 0.004886 	 0.000010
-696717.000000 	 0.002811 	 0.000010
-696287.000000 	 -0.001221 	 0.000010
-696062.000000 	 0.004185 	 0.000010
-695618.000000 	 0.003093 	 0.000010
-695383.000000 	 -0.001034 	 0.000010
-694941.000000 	 -0.001266 	 0.000010
-694672.000000 	 -0.003900 	 0.000010
-694300.000000 	 -0.000662 	 0.000010
-694068.000000 	 -0.000454 	 0.000010
-693639.000000 	 -0.002047 	 0.000010
-693433.000000 	 0.001079 	 0.000010
-692990.000000 	 -0.001796 	 0.000010
-692765.000000 	 0.001687 	 0.000010
-692338.000000 	 0.003672 	 0.000010
-692057.000000 	 0.001051 	 0.000010
-691672.000000 	 0.000160 	 0.000010
-691432.000000 	 -0.003863 	 0.000010
-690999.000000 	 0.006657 	 0.000010
-690771.000000 	 0.001135 	 0.000010
-690294.000000 	 -0.006162 	 0.000010
-690057.000000 	 0.007381 	 0.000010
-689603.000000 	 0.000266 	 0.000010
-689304.000000 	 -0.006925 	 0.000010
-688881.000000 	 0.000000 	 0.000010
-688652.000000 	 -0.002770 	 0.000010
-688195.000000 	 -0.004979 	 0.000010
-687949.000000 	 -0.005793 	 0.000010
-687470.000000 	 -0.004986 	 0.000010
-687227.000000 	 -0.002016 	 0.000010
-686726.000000 	 -0.005486 	 0.000010
-686425.000000 	 -0.003887 	 0.000010
-685980.000000 	 -0.001128 	 0.000010
-685716.000000 	 -0.006160 	 0.000010
-685217.000000 	 -0.005215 	 0.000010
-684949.000000 	 -0.000376 	 0.000010
-684419.000000 	 -0.002478 	 0.000010
-684142.000000 	 -0.002354 	 0.000010
-683612.000000 	 0.001364 	 0.000010
-683262.000000 	 0.004471 	 0.000010
-682762.000000 	 0.004779 	 0.000010
-682446.000000 	 -0.001752 	 0.000010
-681849.000000 	 -0.005792 	 0.000010
-681531.000000 	 -0.003767 	 0.000010
-680920.000000 	 0.001192 	 0.000010
-680608.000000 	 0.010489 	 0.000010
-680081.000000 	 0.005251 	 0.000010
-679732.000000 	 0.006393 	 0.000010
-679252.000000 	 0.009535 	 0.000010
-678914.000000 	 -0.000312 	 0.000010
-678291.000000 	 -0.004624 	 0.000010
-677984.000000 	 -0.013831 	 0.000010
-677380.000000 	 -0.011900 	 0.000010
-677068.000000 	 -0.003972 	 0.000010
-676524.000000 	 0.002004 	 0.000010
-676170.000000 	 0.006417 	 0.000010
-675589.000000 	 -0.002244 	 0.000010
-674521.000000 	 -0.007627 	 0.000010
-674173.000000 	 -0.010899 	 0.000010
-673475.000000 	 -0.009740 	 0.000010
-673095.000000 	 -0.006887 	 0.000010
-672386.000000 	 -0.005304 	 0.000010
-671926.000000 	 -0.000182 	 0.000010
-671286.000000 	 0.000099 	 0.000010
-670916.000000 	 -0.004775 	 0.000010
-670176.000000 	 -0.006094 	 0.000010
-669751.000000 	 -0.008696 	 0.000010
-668934.000000 	 -0.007592 	 0.000010
-668447.000000 	 -0.005055 	 0.000010
-667569.000000 	 -0.001997 	 0.000010
-666995.000000 	 0.004946 	 0.000010
-666174.000000 	 0.004074 	 0.000010
-665645.000000 	 0.004919 	 0.000010
-664690.000000 	 0.007502 	 0.000010
-664192.000000 	 0.002156 	 0.000010
-663206.000000 	 -0.000854 	 0.000010
-662669.000000 	 0.000514 	 0.000010
-661650.000000 	 -0.000711 	 0.000010
-660981.000000 	 -0.003768 	 0.000010
-660084.000000 	 -0.002883 	 0.000010
-659524.000000 	 0.003292 	 0.000010
-658474.000000 	 0.005559 	 0.000010
-657923.000000 	 0.005967 	 0.000010
-656882.000000 	 0.004337 	 0.000010
-656286.000000 	 -0.003274 	 0.000010
-655202.000000 	 -0.003916 	 0.000010
-654473.000000 	 -0.004504 	 0.000010
-653448.000000 	 -0.003291 	 0.000010
-652802.000000 	 0.003541 	 0.000010
-651556.000000 	 0.001047 	 0.000010
-650891.000000 	 0.001430 	 0.000010
-649598.000000 	 0.002211 	 0.000010
-648946.000000 	 -0.002139 	 0.000010
-647588.000000 	 -0.001574 	 0.000010
-646723.000000 	 0.001936 	 0.000010
-645470.000000 	 0.002669 	 0.000010
-644662.000000 	 -0.001853 	 0.000010
-643204.000000 	 -0.001728 	 0.000010
-642405.000000 	 -0.000532 	 0.000010
-640760.000000 	 -0.000978 	 0.000010
-639848.000000 	 0.001975 	 0.000010
-638127.000000 	 0.001833 	 0.000010
-636957.000000 	 -0.000152 	 0.000010
-635489.000000 	 -0.000381 	 0.000010
-634592.000000 	 0.000646 	 0.000010
-632856.000000 	 0.002856 	 0.000010
-632001.000000 	 0.001679 	 0.000010
-630295.000000 	 -0.000313 	 0.000010
-629446.000000 	 0.002221 	 0.000010
-627999.000000 	 0.007248 	 0.000010
-627211.000000 	 0.012780 	 0.000010
-626215.000000 	 0.011822 	 0.000010
-625570.000000 	 0.006230 	 0.000010
-624690.000000 	 0.001825 	 0.000010
-623214.000000 	 0.001945 	 0.000010
-621760.000000 	 0.002364 	 0.000010
-620338.000000 	 0.001747 	 0.000010
-618955.000000 	 0.002470 	 0.000010
-617544.000000 	 0.001650 	 0.000010
-616227.000000 	 0.000076 	 0.000010
-614923.000000 	 0.001430 	 0.000010
-613709.000000 	 0.002283 	 0.000010
-612514.000000 	 0.001506 	 0.000010
-611319.000000 	 -0.000126 	 0.000010
-610136.000000 	 -0.000167 	 0.000010
-608929.000000 	 -0.001277 	 0.000010
-607708.000000 	 -0.004188 	 0.000010
-606374.000000 	 -0.003837 	 0.000010
-605076.000000 	 -0.003480 	 0.000010
-603673.000000 	 -0.002359 	 0.000010
-602278.000000 	 -0.002365 	 0.000010
-600882.000000 	 -0.002989 	 0.000010
-599434.000000 	 -0.003172 	 0.000010
-598833.000000 	 -0.007084 	 0.000010
-597966.000000 	 -0.006978 	 0.000010
-597443.000000 	 -0.001792 	 0.000010
-596515.000000 	 0.003282 	 0.000010
-595950.000000 	 0.012443 	 0.000010
-595189.000000 	 0.012815 	 0.000010
-594639.000000 	 0.003942 	 0.000010
-593870.000000 	 -0.003922 	 0.000010
-593415.000000 	 -0.007417 	 0.000010
-592697.000000 	 -0.006602 	 0.000010
-592279.000000 	 0.004435 	 0.000010
-590893.000000 	 0.009208 	 0.000010
-590335.000000 	 0.010439 	 0.000010
-589868.000000 	 0.005941 	 0.000010
-589224.000000 	 -0.001562 	 0.000010
-588716.000000 	 -0.009580 	 0.000010
-588034.000000 	 -0.011132 	 0.000010
-587647.000000 	 -0.011218 	 0.000010
-586893.000000 	 -0.008380 	 0.000010
-586406.000000 	 -0.004425 	 0.000010
-583413.000000 	 -0.005130 	 0.000010
-583034.000000 	 -0.000685 	 0.000010
-582391.000000 	 0.008414 	 0.000010
-582000.000000 	 0.010747 	 0.000010
-581507.000000 	 0.011667 	 0.000010
-581160.000000 	 0.013424 	 0.000010
-580695.000000 	 0.014474 	 0.000010
-580400.000000 	 0.019970 	 0.000010
-580019.000000 	 0.013644 	 0.000010
-579821.000000 	 0.013185 	 0.000010
-579435.000000 	 0.009129 	 0.000010
-578857.000000 	 -0.002124 	 0.000010
-578305.000000 	 -0.001654 	 0.000010
-577769.000000 	 0.002070 	 0.000010
-577242.000000 	 0.000191 	 0.000010
-576723.000000 	 0.001569 	 0.000010
-576222.000000 	 0.001208 	 0.000010
-575730.000000 	 -0.004180 	 0.000010
-575265.000000 	 -0.000431 	 0.000010
-574803.000000 	 0.003289 	 0.000010
-574353.000000 	 -0.000333 	 0.000010
-573902.000000 	 -0.003591 	 0.000010
-573462.000000 	 -0.003006 	 0.000010
-573037.000000 	 -0.001186 	 0.000010
-572619.000000 	 -0.003424 	 0.000010
-572190.000000 	 0.003081 	 0.000010
-571775.000000 	 0.006440 	 0.000010
-571367.000000 	 -0.000854 	 0.000010
-570955.000000 	 0.000244 	 0.000010
-570548.000000 	 0.002696 	 0.000010
-570139.000000 	 -0.000610 	 0.000010
-569728.000000 	 -0.002228 	 0.000010
-569331.000000 	 0.000000 	 0.000010
-568946.000000 	 0.000258 	 0.000010
-568556.000000 	 0.002182 	 0.000010
-568167.000000 	 0.003338 	 0.000010
-567777.000000 	 0.001145 	 0.000010
-567381.000000 	 0.000519 	 0.000010
-567007.000000 	 0.000787 	 0.000010
-566619.000000 	 0.000904 	 0.000010
-566233.000000 	 -0.000260 	 0.000010
-565851.000000 	 -0.000261 	 0.000010
-565466.000000 	 -0.003747 	 0.000010
-565077.000000 	 -0.001434 	 0.000010
-564699.000000 	 0.001305 	 0.000010
-564311.000000 	 -0.001536 	 0.000010
-563918.000000 	 -0.006045 	 0.000010
-563517.000000 	 -0.006974 	 0.000010
-563115.000000 	 -0.002297 	 0.000010
-562690.000000 	 -0.004152 	 0.000010
-562272.000000 	 -0.006635 	 0.000010
-561846.000000 	 -0.008515 	 0.000010
-561309.000000 	 -0.006004 	 0.000010
-560930.000000 	 -0.002588 	 0.000010
-560459.000000 	 -0.003132 	 0.000010
-559972.000000 	 -0.003607 	 0.000010
-559461.000000 	 -0.001246 	 0.000010
-558929.000000 	 0.001779 	 0.000010
-558393.000000 	 -0.000804 	 0.000010
-558183.000000 	 0.008498 	 0.000010
-557887.000000 	 0.010526 	 0.000010
-557385.000000 	 0.005912 	 0.000010
-556889.000000 	 0.011346 	 0.000010
-556724.000000 	 0.019238 	 0.000010
-556364.000000 	 -0.002754 	 0.000010
-556143.000000 	 -0.002667 	 0.000010
-555839.000000 	 -0.001976 	 0.000010
-555637.000000 	 -0.016397 	 0.000010
-555345.000000 	 -0.011290 	 0.000010
-554831.000000 	 -0.013107 	 0.000010
-554254.000000 	 -0.007967 	 0.000010
-553626.000000 	 -0.002398 	 0.000010
-552961.000000 	 -0.002907 	 0.000010
-552250.000000 	 -0.001527 	 0.000010
-551979.000000 	 0.007519 	 0.000010
-551452.000000 	 0.000234 	 0.000010
-551124.000000 	 -0.005644 	 0.000010
-550637.000000 	 -0.001855 	 0.000010
-549830.000000 	 -0.003815 	 0.000010
-548933.000000 	 -0.003391 	 0.000010
-547972.000000 	 -0.004706 	 0.000010
-547573.000000 	 -0.011575 	 0.000010
-547013.000000 	 -0.002597 	 0.000010
-545956.000000 	 0.003259 	 0.000010
-544804.000000 	 0.002193 	 0.000010
-543676.000000 	 0.000261 	 0.000010
-542502.000000 	 -0.000644 	 0.000010
-541345.000000 	 -0.002853 	 0.000010
-540154.000000 	 -0.001299 	 0.000010
-538959.000000 	 0.003188 	 0.000010
-537770.000000 	 0.003380 	 0.000010
-536622.000000 	 -0.002099 	 0.000010
-535483.000000 	 -0.003499 	 0.000010
-534364.000000 	 -0.003129 	 0.000010
-533246.000000 	 -0.002316 	 0.000010
-532119.000000 	 -0.005619 	 0.000010
-531662.000000 	 -0.005535 	 0.000010
-531035.000000 	 0.004708 	 0.000010
-530685.000000 	 0.006084 	 0.000010
-530016.000000 	 0.008900 	 0.000010
-529640.000000 	 0.012459 	 0.000010
-529101.000000 	 0.011310 	 0.000010
-528747.000000 	 0.011085 	 0.000010
-528262.000000 	 0.004486 	 0.000010
-527454.000000 	 0.000312 	 0.000010
-526661.000000 	 0.001552 	 0.000010
-525908.000000 	 0.002338 	 0.000010
-525164.000000 	 0.003402 	 0.000010
-524409.000000 	 0.003738 	 0.000010
-523666.000000 	 0.003970 	 0.000010
-522923.000000 	 0.003793 	 0.000010
-522216.000000 	 0.002261 	 0.000010
-521552.000000 	 0.004607 	 0.000010
-520892.000000 	 0.002590 	 0.000010
-518965.000000 	 0.001407 	 0.000010
-518334.000000 	 0.003336 	 0.000010
-517706.000000 	 -0.000158 	 0.000010
-517069.000000 	 -0.001707 	 0.000010
-516417.000000 	 0.000693 	 0.000010
-515771.000000 	 0.001304 	 0.000010
-515113.000000 	 -0.002385 	 0.000010
-514429.000000 	 -0.004104 	 0.000010
-513724.000000 	 -0.002654 	 0.000010
-512997.000000 	 -0.002268 	 0.000010
-512269.000000 	 0.001889 	 0.000010
-511515.000000 	 -0.001995 	 0.000010
-510765.000000 	 -0.003716 	 0.000010
-510008.000000 	 -0.001186 	 0.000010
-509247.000000 	 0.002546 	 0.000010
-508476.000000 	 0.002348 	 0.000010
-507714.000000 	 -0.001433 	 0.000010
-507011.000000 	 -0.000701 	 0.000010
-506287.000000 	 -0.001806 	 0.000010
-505516.000000 	 -0.001391 	 0.000010
-504777.000000 	 -0.000977 	 0.000010
-504083.000000 	 -0.001213 	 0.000010
-503375.000000 	 -0.001440 	 0.000010
-502625.000000 	 -0.000663 	 0.000010
-501866.000000 	 -0.000803 	 0.000010
-501130.000000 	 -0.001996 	 0.000010
-500363.000000 	 0.000000 	 0.000010
-499610.000000 	 0.001602 	 0.000010
-498865.000000 	 0.001328 	 0.000010
-498104.000000 	 0.003936 	 0.000010
-497366.000000 	 0.002406 	 0.000010
-496608.000000 	 0.000727 	 0.000010
-495853.000000 	 0.001379 	 0.000010
-495085.000000 	 0.000454 	 0.000010
-494311.000000 	 0.000380 	 0.000010
-493507.000000 	 0.000890 	 0.000010
-492738.000000 	 0.002972 	 0.000010
-491959.000000 	 0.004525 	 0.000010
-491191.000000 	 -0.000264 	 0.000010
-490445.000000 	 -0.002791 	 0.000010
-489722.000000 	 0.006186 	 0.000010
-489475.000000 	 0.014050 	 0.000010
-488996.000000 	 -0.010687 	 0.000010
-488689.000000 	 -0.014835 	 0.000010
-488268.000000 	 -0.003310 	 0.000010
-487541.000000 	 -0.007369 	 0.000010
-486816.000000 	 -0.002804 	 0.000010
-486043.000000 	 0.001104 	 0.000010
-485276.000000 	 -0.001077 	 0.000010
-484465.000000 	 -0.000983 	 0.000010
-483649.000000 	 0.000120 	 0.000010
-482803.000000 	 -0.002388 	 0.000010
-481932.000000 	 -0.004525 	 0.000010
-481035.000000 	 -0.001919 	 0.000010
-480108.000000 	 -0.002433 	 0.000010
-479144.000000 	 -0.002163 	 0.000010
-478721.000000 	 0.012255 	 0.000010
-478124.000000 	 0.015669 	 0.000010
-477719.000000 	 0.008108 	 0.000010
-477162.000000 	 0.000068 	 0.000010
-476240.000000 	 -0.003241 	 0.000010
-475218.000000 	 -0.001684 	 0.000010
-474162.000000 	 0.003970 	 0.000010
-473102.000000 	 0.006047 	 0.000010
-472095.000000 	 0.002016 	 0.000010
-471763.000000 	 -0.001811 	 0.000010
-471046.000000 	 -0.009605 	 0.000010
-470597.000000 	 -0.013122 	 0.000010
-469941.000000 	 -0.012422 	 0.000010
-469470.000000 	 -0.012113 	 0.000010
-468810.000000 	 -0.010636 	 0.000010
-468323.000000 	 -0.008278 	 0.000010
-467602.000000 	 -0.001506 	 0.000010
-466265.000000 	 -0.000402 	 0.000010
-464866.000000 	 0.001673 	 0.000010
-463456.000000 	 0.002049 	 0.000010
-462133.000000 	 -0.001639 	 0.000010
-461687.000000 	 -0.007532 	 0.000010
-460792.000000 	 -0.004785 	 0.000010
-459430.000000 	 -0.003354 	 0.000010
-458049.000000 	 0.000387 	 0.000010
-456591.000000 	 0.004224 	 0.000010
-455279.000000 	 0.004984 	 0.000010
-454023.000000 	 0.000510 	 0.000010
-453514.000000 	 -0.003257 	 0.000010
-452795.000000 	 -0.003412 	 0.000010
-452283.000000 	 -0.009817 	 0.000010
-451593.000000 	 -0.003173 	 0.000010
-450455.000000 	 0.002512 	 0.000010
-449244.000000 	 0.003656 	 0.000010
-448103.000000 	 0.002876 	 0.000010
-446984.000000 	 -0.000308 	 0.000010
-445829.000000 	 -0.001371 	 0.000010
-444650.000000 	 0.003044 	 0.000010
-443562.000000 	 0.000804 	 0.000010
-442411.000000 	 -0.002989 	 0.000010
-441220.000000 	 -0.001546 	 0.000010
-439565.000000 	 0.000314 	 0.000010
-438356.000000 	 0.000912 	 0.000010
-437152.000000 	 -0.000127 	 0.000010
-435989.000000 	 -0.000426 	 0.000010
-434804.000000 	 0.002505 	 0.000010
-433674.000000 	 0.004308 	 0.000010
-432599.000000 	 0.000045 	 0.000010
-431445.000000 	 0.001107 	 0.000010
-431063.000000 	 0.012492 	 0.000010
-429876.000000 	 0.003986 	 0.000010
-429006.000000 	 0.006623 	 0.000010
-427566.000000 	 0.016560 	 0.000010
-427285.000000 	 0.009917 	 0.000010
-426598.000000 	 0.005420 	 0.000010
-425975.000000 	 0.012925 	 0.000010
-425569.000000 	 0.020055 	 0.000010
-425242.000000 	 0.007407 	 0.000010
-424840.000000 	 -0.001868 	 0.000010
-424332.000000 	 -0.002881 	 0.000010
-423764.000000 	 0.001367 	 0.000010
-422649.000000 	 -0.000769 	 0.000010
-422074.000000 	 -0.001717 	 0.000010
-421484.000000 	 0.004292 	 0.000010
-420350.000000 	 0.001551 	 0.000010
-419808.000000 	 -0.000092 	 0.000010
-419260.000000 	 0.002175 	 0.000010
-418245.000000 	 -0.001216 	 0.000010
-417698.000000 	 -0.001139 	 0.000010
-417191.000000 	 -0.000066 	 0.000010
-416193.000000 	 0.002035 	 0.000010
-415717.000000 	 -0.000081 	 0.000010
-414963.000000 	 -0.006501 	 0.000010
-413948.000000 	 0.001649 	 0.000010
-412962.000000 	 0.006465 	 0.000010
-411071.000000 	 0.002794 	 0.000010
-410206.000000 	 -0.004917 	 0.000010
-409383.000000 	 -0.010207 	 0.000010
-409383.000000 	 0.011877 	 0.000010
-408600.000000 	 0.004978 	 0.000010
-407093.000000 	 -0.002195 	 0.000010
-406368.000000 	 -0.002355 	 0.000010
-404927.000000 	 -0.001417 	 0.000010
-404181.000000 	 -0.002186 	 0.000010
-402731.000000 	 0.003026 	 0.000010
-402000.000000 	 0.003368 	 0.000010
-400504.000000 	 -0.002634 	 0.000010
-399722.000000 	 -0.002854 	 0.000010
-398086.000000 	 -0.003177 	 0.000010
-394560.000000 	 -0.000599 	 0.000010
-393579.000000 	 -0.000595 	 0.000010
-392544.000000 	 -0.004337 	 0.000010
-391896.000000 	 -0.003618 	 0.000010
-389946.000000 	 -0.002895 	 0.000010
-388062.000000 	 0.002393 	 0.000010
-386144.000000 	 0.003529 	 0.000010
-385398.000000 	 -0.000683 	 0.000010
-384534.000000 	 -0.006891 	 0.000010
-382670.000000 	 -0.003322 	 0.000010
-381132.000000 	 -0.002253 	 0.000010
-379696.000000 	 -0.002240 	 0.000010
-378096.000000 	 -0.003868 	 0.000010
-376568.000000 	 -0.001908 	 0.000010
-372646.000000 	 -0.000438 	 0.000010
-371090.000000 	 -0.004656 	 0.000010
-369446.000000 	 -0.007638 	 0.000010
-367856.000000 	 -0.003986 	 0.000010
-366235.000000 	 0.001431 	 0.000010
-363385.000000 	 -0.000133 	 0.000010
-360957.000000 	 -0.004387 	 0.000010
-358712.000000 	 -0.003720 	 0.000010
-356898.000000 	 0.002111 	 0.000010
-355302.000000 	 0.004997 	 0.000010
-352275.000000 	 0.003747 	 0.000010
-350925.000000 	 0.002706 	 0.000010
-349688.000000 	 0.004454 	 0.000010
-348298.000000 	 0.001106 	 0.000010
-345980.000000 	 -0.002388 	 0.000010
-344446.000000 	 -0.005745 	 0.000010
-343282.000000 	 -0.002534 	 0.000010
-341802.000000 	 -0.001451 	 0.000010
-340456.000000 	 0.017931 	 0.000010
-339298.000000 	 0.010930 	 0.000010
-337391.000000 	 -0.004081 	 0.000010
-336725.000000 	 0.005227 	 0.000010
-335918.000000 	 0.011196 	 0.000010
-335287.000000 	 0.024444 	 0.000010
-334748.000000 	 0.022320 	 0.000010
-334261.000000 	 0.017832 	 0.000010
-333890.000000 	 -0.000568 	 0.000010
-333380.000000 	 0.013182 	 0.000010
-332919.000000 	 0.011220 	 0.000010
-332462.000000 	 -0.014984 	 0.000010
-332285.000000 	 -0.011583 	 0.000010
-331944.000000 	 -0.018890 	 0.000010
-331438.000000 	 -0.008140 	 0.000010
-330740.000000 	 -0.001138 	 0.000010
-330208.000000 	 -0.006008 	 0.000010
-329475.000000 	 0.001711 	 0.000010
-328221.000000 	 0.003660 	 0.000010
-327590.000000 	 -0.004003 	 0.000010
-326972.000000 	 -0.004571 	 0.000010
-326321.000000 	 -0.004872 	 0.000010
-325720.000000 	 0.000074 	 0.000010
-324971.000000 	 -0.002431 	 0.000010
-324280.000000 	 -0.004083 	 0.000010
-323526.000000 	 -0.000066 	 0.000010
-322767.000000 	 -0.002052 	 0.000010
-322015.000000 	 -0.004649 	 0.000010
-320358.000000 	 -0.000552 	 0.000010
-319480.000000 	 -0.008783 	 0.000010
-318559.000000 	 -0.006071 	 0.000010
-317734.000000 	 0.010951 	 0.000010
-316897.000000 	 0.017862 	 0.000010
-316200.000000 	 -0.003623 	 0.000010
-315572.000000 	 -0.011628 	 0.000010
-314867.000000 	 0.006933 	 0.000010
-314144.000000 	 -0.003785 	 0.000010
-313414.000000 	 -0.010082 	 0.000010
-312676.000000 	 -0.008150 	 0.000010
-311868.000000 	 -0.002465 	 0.000010
-311013.000000 	 -0.003412 	 0.000010
-310168.000000 	 -0.007143 	 0.000010
-309389.000000 	 -0.003792 	 0.000010
-308744.000000 	 -0.000211 	 0.000010
-307495.000000 	 0.007738 	 0.000010
-306547.000000 	 0.012391 	 0.000010
-305655.000000 	 0.003281 	 0.000010
-304901.000000 	 -0.005552 	 0.000010
-304232.000000 	 -0.005970 	 0.000010
-303226.000000 	 -0.002408 	 0.000010
-302280.000000 	 -0.000658 	 0.000010
-301402.000000 	 0.000055 	 0.000010
-300472.000000 	 -0.004492 	 0.000010
-299621.000000 	 -0.006759 	 0.000010
-298741.000000 	 -0.008176 	 0.000010
-297921.000000 	 -0.004020 	 0.000010
-295930.000000 	 -0.001312 	 0.000010
-294568.000000 	 -0.002975 	 0.000010
-293779.000000 	 -0.004434 	 0.000010
-293057.000000 	 0.000655 	 0.000010
-292405.000000 	 0.006568 	 0.000010
-291367.000000 	 0.007642 	 0.000010
-290730.000000 	 0.014662 	 0.000010
-290153.000000 	 0.004245 	 0.000010
-288233.000000 	 -0.001721 	 0.000010
-287538.000000 	 0.000334 	 0.000010
-287036.000000 	 -0.002837 	 0.000010
-286128.000000 	 -0.002053 	 0.000010
-285380.000000 	 0.002091 	 0.000010
-283785.000000 	 -0.001187 	 0.000010
-281758.000000 	 -0.004551 	 0.000010
-280269.000000 	 -0.005209 	 0.000010
-279320.000000 	 -0.005628 	 0.000010
-278350.000000 	 -0.004492 	 0.000010
-277361.000000 	 -0.005583 	 0.000010
-276326.000000 	 -0.001890 	 0.000010
-275350.000000 	 0.000449 	 0.000010
-274321.000000 	 -0.002206 	 0.000010
-273310.000000 	 -0.001841 	 0.000010
-272311.000000 	 -0.004479 	 0.000010
-271256.000000 	 0.004021 	 0.000010
-270222.000000 	 0.004520 	 0.000010
-269154.000000 	 -0.005683 	 0.000010
-268181.000000 	 -0.003213 	 0.000010
-267442.000000 	 0.013208 	 0.000010
-266326.000000 	 0.006260 	 0.000010
-265653.000000 	 0.009026 	 0.000010
-264509.000000 	 0.005398 	 0.000010
-262930.000000 	 -0.007944 	 0.000010
-262092.000000 	 -0.004419 	 0.000010
-260916.000000 	 0.000403 	 0.000010
-260353.000000 	 -0.000798 	 0.000010
-258661.000000 	 -0.001721 	 0.000010
-257100.000000 	 -0.000850 	 0.000010
-256309.000000 	 -0.003121 	 0.000010
-255498.000000 	 -0.002432 	 0.000010
-253636.000000 	 -0.000834 	 0.000010
-252739.000000 	 0.000000 	 0.000010
-251864.000000 	 0.009919 	 0.000010
-251005.000000 	 0.002773 	 0.000010
-250133.000000 	 0.000241 	 0.000010
-247681.000000 	 0.004092 	 0.000010
-245441.000000 	 0.005573 	 0.000010
-244864.000000 	 0.015814 	 0.000010
-244347.000000 	 0.019345 	 0.000010
-243856.000000 	 0.016993 	 0.000010
-243429.000000 	 0.017580 	 0.000010
-243071.000000 	 0.025762 	 0.000010
-242346.000000 	 0.014380 	 0.000010
-242007.000000 	 -0.017347 	 0.000010
-241366.000000 	 -0.018173 	 0.000010
-240945.000000 	 -0.007466 	 0.000010
-239973.000000 	 -0.008379 	 0.000010
-239477.000000 	 -0.007292 	 0.000010
-239013.000000 	 -0.001959 	 0.000010
-238558.000000 	 -0.005852 	 0.000010
-237868.000000 	 -0.001978 	 0.000010
-237294.000000 	 0.007319 	 0.000010
-236734.000000 	 -0.001441 	 0.000010
-236114.000000 	 0.003748 	 0.000010
-235480.000000 	 0.002930 	 0.000010
-234817.000000 	 -0.002379 	 0.000010
-231066.000000 	 -0.002571 	 0.000010
-230422.000000 	 -0.005600 	 0.000010
-229423.000000 	 -0.003553 	 0.000010
-227776.000000 	 0.000292 	 0.000010
-227027.000000 	 0.009390 	 0.000010
-226711.000000 	 0.002147 	 0.000010
-225909.000000 	 -0.010515 	 0.000010
-224923.000000 	 -0.019634 	 0.000010
-224269.000000 	 -0.003491 	 0.000010
-222030.000000 	 0.001558 	 0.000010
-220739.000000 	 0.000761 	 0.000010
-220058.000000 	 0.004498 	 0.000010
-219116.000000 	 0.004125 	 0.000010
-218361.000000 	 0.008828 	 0.000010
-216352.000000 	 0.010473 	 0.000010
-215382.000000 	 0.006804 	 0.000010
-214794.000000 	 0.006934 	 0.000010
-214459.000000 	 -0.004444 	 0.000010
-213984.000000 	 -0.009859 	 0.000010
-213536.000000 	 -0.010084 	 0.000010
-213270.000000 	 -0.001463 	 0.000010
-212716.000000 	 0.007720 	 0.000010
-211858.000000 	 0.001051 	 0.000010
-210813.000000 	 0.003638 	 0.000010
-210154.000000 	 -0.003916 	 0.000010
-209817.000000 	 -0.014543 	 0.000010
-209432.000000 	 0.015207 	 0.000010
-208995.000000 	 0.000477 	 0.000010
-208803.000000 	 -0.010931 	 0.000010
-208254.000000 	 -0.003518 	 0.000010
-208064.000000 	 -0.002394 	 0.000010
-207544.000000 	 -0.004343 	 0.000010
-207120.000000 	 -0.016621 	 0.000010
-206810.000000 	 -0.003381 	 0.000010
-206144.000000 	 0.009441 	 0.000010
-205952.000000 	 -0.007417 	 0.000010
-205362.000000 	 -0.008333 	 0.000010
-204908.000000 	 -0.005782 	 0.000010
-204480.000000 	 -0.000747 	 0.000010
-203837.000000 	 0.005073 	 0.000010
-203317.000000 	 0.003427 	 0.000010
-202874.000000 	 0.013496 	 0.000010
-202413.000000 	 0.009176 	 0.000010
-201163.000000 	 -0.002124 	 0.000010
-199918.000000 	 0.001506 	 0.000010
-198972.000000 	 0.000936 	 0.000010
-196179.000000 	 -0.002940 	 0.000010
-195673.000000 	 -0.013941 	 0.000010
-195017.000000 	 -0.009672 	 0.000010
-193481.000000 	 0.000047 	 0.000010
-192910.000000 	 -0.000639 	 0.000010
-190352.000000 	 -0.001617 	 0.000010
-189076.000000 	 0.006994 	 0.000010
-188436.000000 	 0.004624 	 0.000010
-186697.000000 	 -0.005519 	 0.000010
-184685.000000 	 -0.005999 	 0.000010
-182046.000000 	 -0.002382 	 0.000010
-180068.000000 	 -0.001809 	 0.000010
-179117.000000 	 0.009529 	 0.000010
-178179.000000 	 0.007634 	 0.000010
-177139.000000 	 -0.003481 	 0.000010
-175306.000000 	 -0.006168 	 0.000010
-173394.000000 	 -0.008429 	 0.000010
-173135.000000 	 0.000208 	 0.000010
-172434.000000 	 0.003700 	 0.000010
-171351.000000 	 0.002515 	 0.000010
-169492.000000 	 0.000432 	 0.000010
-167183.000000 	 -0.000218 	 0.000010
-164439.000000 	 -0.004017 	 0.000010
-163698.000000 	 -0.006996 	 0.000010
-163024.000000 	 0.004286 	 0.000010
-162228.000000 	 0.003643 	 0.000010
-161679.000000 	 0.002801 	 0.000010
-159943.000000 	 0.005999 	 0.000010
-159562.000000 	 -0.002179 	 0.000010
-155813.000000 	 -0.004512 	 0.000010
-155395.000000 	 0.001125 	 0.000010
-154480.000000 	 0.003802 	 0.000010
-151423.000000 	 -0.000022 	 0.000010
-149921.000000 	 -0.005370 	 0.000010
-149803.000000 	 0.012936 	 0.000010
-148831.000000 	 0.001126 	 0.000010
-145363.000000 	 -0.001860 	 0.000010
-142058.000000 	 -0.000114 	 0.000010
-140960.000000 	 0.004487 	 0.000010
-140899.000000 	 0.000074 	 0.000010
-139617.000000 	 -0.002032 	 0.000010
-139275.000000 	 -0.004399 	 0.000010
-138185.000000 	 0.001469 	 0.000010
-137982.000000 	 0.005797 	 0.000010
-137633.000000 	 0.000145 	 0.000010
-137293.000000 	 0.007873 	 0.000010
-136655.000000 	 0.002066 	 0.000010
-136567.000000 	 0.003218 	 0.000010
-136251.000000 	 0.008813 	 0.000010
-136011.000000 	 -0.001902 	 0.000010
-135883.000000 	 -0.006618 	 0.000010
-135603.000000 	 -0.005473 	 0.000010
-135207.000000 	 0.004908 	 0.000010
-135114.000000 	 0.026316 	 0.000010
-134960.000000 	 0.003990 	 0.000010
-134287.000000 	 0.005257 	 0.000010
-134123.000000 	 0.008023 	 0.000010
-133427.000000 	 0.011198 	 0.000010
-133105.000000 	 0.037151 	 0.000010
-133069.000000 	 0.005220 	 0.000010
-132492.000000 	 0.003729 	 0.000010
-131728.000000 	 0.016297 	 0.000010
-131455.000000 	 0.040351 	 0.000010
-131329.000000 	 0.010820 	 0.000010
-129736.000000 	 0.007692 	 0.000010
-129652.000000 	 0.011111 	 0.000010
-129340.000000 	 0.012253 	 0.000010
-129146.000000 	 0.040506 	 0.000010
-128866.000000 	 0.042272 	 0.000010
-128609.000000 	 0.009109 	 0.000010
-128372.000000 	 -0.048302 	 0.000010
-128344.000000 	 -0.024731 	 0.000010
-127907.000000 	 0.001801 	 0.000010
-127622.000000 	 -0.016774 	 0.000010
-127132.000000 	 -0.017391 	 0.000010
-126886.000000 	 0.008427 	 0.000010
-126598.000000 	 0.020779 	 0.000010
-126347.000000 	 0.008591 	 0.000010
-125434.000000 	 -0.000645 	 0.000010
-125262.000000 	 0.007365 	 0.000010
-125081.000000 	 -0.014165 	 0.000010
-124789.000000 	 -0.015898 	 0.000010
-124257.000000 	 0.004167 	 0.000010
-124213.000000 	 0.008256 	 0.000010
-123070.000000 	 0.001819 	 0.000010
-122344.000000 	 0.000585 	 0.000010
-121017.000000 	 -0.003517 	 0.000010
-120382.000000 	 -0.004238 	 0.000010
-119672.000000 	 0.004905 	 0.000010
-118649.000000 	 -0.002237 	 0.000010
-117750.000000 	 -0.005214 	 0.000010
-116501.000000 	 0.002128 	 0.000010
-115118.000000 	 0.006316 	 0.000010
-114601.000000 	 -0.011546 	 0.000010
-114096.000000 	 -0.006124 	 0.000010
-113262.000000 	 -0.002104 	 0.000010
-111862.000000 	 -0.004367 	 0.000010
-109804.000000 	 -0.002993 	 0.000010
-108153.000000 	 -0.005843 	 0.000010
-107579.000000 	 -0.005959 	 0.000010
-105636.000000 	 -0.000452 	 0.000010
-104704.000000 	 -0.001152 	 0.000010
-103465.000000 	 0.000000 	 0.000010
-101749.000000 	 0.001027 	 0.000010
-100837.000000 	 -0.005842 	 0.000010
-99849.000000 	 0.000185 	 0.000010
-94353.000000 	 0.000291 	 0.000010
-91249.000000 	 -0.001952 	 0.000010
-90357.000000 	 -0.006092 	 0.000010
-87917.000000 	 -0.001724 	 0.000010
-86181.000000 	 0.002140 	 0.000010
-85020.000000 	 0.005081 	 0.000010
-84016.000000 	 0.013159 	 0.000010
-83333.000000 	 0.008193 	 0.000010
-82417.000000 	 -0.002023 	 0.000010
-80614.000000 	 -0.004582 	 0.000010
-78183.000000 	 -0.003984 	 0.000010
-77150.000000 	 0.001493 	 0.000010
-73227.000000 	 0.001672 	 0.000010
-71049.000000 	 -0.004693 	 0.000010
-65939.000000 	 -0.005876 	 0.000010
-64939.000000 	 0.000130 	 0.000010
-62859.000000 	 0.002609 	 0.000010
-57657.000000 	 0.004575 	 0.000010
-57088.000000 	 -0.003791 	 0.000010
-52382.000000 	 -0.000934 	 0.000010
-50663.000000 	 0.007318 	 0.000010
-49690.000000 	 -0.015091 	 0.000010
-48854.000000 	 -0.008836 	 0.000010
-47336.000000 	 0.003866 	 0.000010
-43500.000000 	 0.002007 	 0.000010
-37471.000000 	 -0.000448 	 0.000010
-35009.000000 	 -0.002335 	 0.000010
-30020.000000 	 -0.002825 	 0.000010
-29063.000000 	 -0.000025 	 0.000010
-25994.000000 	 0.000112 	 0.000010
-22827.000000 	 -0.001809 	 0.000010
-22015.000000 	 -0.003597 	 0.000010
-21854.000000 	 0.003346 	 0.000010
-21507.000000 	 -0.001675 	 0.000010
-21257.000000 	 0.000806 	 0.000010
-21011.000000 	 0.004322 	 0.000010
-20748.000000 	 0.002554 	 0.000010
-20502.000000 	 0.014701 	 0.000010
-20197.000000 	 0.001198 	 0.000010
-20168.000000 	 -0.033493 	 0.000010
-19988.000000 	 0.004286 	 0.000010
-19748.000000 	 0.001670 	 0.000010
-19509.000000 	 -0.003242 	 0.000010
-19347.000000 	 -0.000850 	 0.000010
-18921.000000 	 0.007516 	 0.000010
-18868.000000 	 0.011828 	 0.000010
-18828.000000 	 -0.011315 	 0.000010
-18541.000000 	 -0.004420 	 0.000010
-18285.000000 	 0.001003 	 0.000010
-17943.000000 	 0.003151 	 0.000010
-17809.000000 	 -0.001852 	 0.000010
-17565.000000 	 0.005760 	 0.000010
-17375.000000 	 0.011894 	 0.000010
-17111.000000 	 0.008317 	 0.000010
-16870.000000 	 0.015265 	 0.000010
-16659.000000 	 0.018421 	 0.000010
-16452.000000 	 0.017293 	 0.000010
-16260.000000 	 0.012137 	 0.000010
-16073.000000 	 0.016845 	 0.000010
-15886.000000 	 0.035952 	 0.000010
-15742.000000 	 0.021835 	 0.000010
-15570.000000 	 0.005263 	 0.000010
-15438.000000 	 0.003264 	 0.000010
-15233.000000 	 0.008216 	 0.000010
-15012.000000 	 0.009329 	 0.000010
-14890.000000 	 0.005575 	 0.000010
-14725.000000 	 0.009412 	 0.000010
-14550.000000 	 0.005687 	 0.000010
-14303.000000 	 0.017774 	 0.000010
-13948.000000 	 0.020240 	 0.000010
-13804.000000 	 -0.001695 	 0.000010
-13653.000000 	 0.002290 	 0.000010
-13542.000000 	 -0.010329 	 0.000010
-13440.000000 	 -0.005316 	 0.000010
-13241.000000 	 0.004286 	 0.000010
-13090.000000 	 -0.001003 	 0.000010
-12942.000000 	 0.001212 	 0.000010
-12760.000000 	 -0.010333 	 0.000010
-12642.000000 	 -0.002652 	 0.000010
-12496.000000 	 0.012177 	 0.000010
-12371.000000 	 0.007219 	 0.000010
-12122.000000 	 0.017757 	 0.000010
-12050.000000 	 0.038415 	 0.000010
-11958.000000 	 0.013636 	 0.000010
-11896.000000 	 -0.009353 	 0.000010
-11819.000000 	 0.031953 	 0.000010
-11727.000000 	 0.040559 	 0.000010
-11676.000000 	 -0.010870 	 0.000010
-11635.000000 	 -0.004167 	 0.000010
-11580.000000 	 0.024699 	 0.000010
-11469.000000 	 0.022222 	 0.000010
-11436.000000 	 0.020779 	 0.000010
-11392.000000 	 0.070408 	 0.000010
-11338.000000 	 0.029825 	 0.000010
-11278.000000 	 0.043137 	 0.000010
-11236.000000 	 0.054545 	 0.000010
-11201.000000 	 -0.012000 	 0.000010
-11136.000000 	 0.013158 	 0.000010
-11087.000000 	 0.001639 	 0.000010
-11014.000000 	 -0.002597 	 0.000010
-10933.000000 	 0.001681 	 0.000010
-10895.000000 	 0.011321 	 0.000010
-10827.000000 	 0.006667 	 0.000010
-10805.000000 	 -0.006024 	 0.000010
-10744.000000 	 -0.001087 	 0.000010
-10621.000000 	 0.012903 	 0.000010
-10527.000000 	 0.001471 	 0.000010
-10417.000000 	 -0.006867 	 0.000010
-10294.000000 	 0.008654 	 0.000010
-10209.000000 	 0.007282 	 0.000010
-10088.000000 	 -0.008850 	 0.000010
-9983.000000 	 -0.010056 	 0.000010
-9909.000000 	 -0.008523 	 0.000010
-9807.000000 	 -0.009043 	 0.000010
-9721.000000 	 0.003810 	 0.000010
-9597.000000 	 0.002162 	 0.000010
-9536.000000 	 -0.001429 	 0.000010
-9317.000000 	 -0.004605 	 0.000010
-9232.000000 	 -0.016384 	 0.000010
-9140.000000 	 -0.017143 	 0.000010
-9092.000000 	 0.025749 	 0.000010
-8973.000000 	 0.014350 	 0.000010
-8869.000000 	 -0.007937 	 0.000010
-8784.000000 	 -0.008333 	 0.000010
-8653.000000 	 -0.021463 	 0.000010
-8579.000000 	 -0.009091 	 0.000010
-8477.000000 	 0.008333 	 0.000010
-8387.000000 	 -0.007143 	 0.000010
-8281.000000 	 0.004369 	 0.000010
-8181.000000 	 0.007359 	 0.000010
-8050.000000 	 -0.002618 	 0.000010
-7990.000000 	 -0.013793 	 0.000010
-7876.000000 	 -0.009569 	 0.000010
-7781.000000 	 0.007027 	 0.000010
-7691.000000 	 0.007853 	 0.000010
-7590.000000 	 -0.002174 	 0.000010
-7507.000000 	 -0.006215 	 0.000010
-7413.000000 	 0.006417 	 0.000010
-7320.000000 	 0.002235 	 0.000010
-7234.000000 	 -0.009615 	 0.000010
-7112.000000 	 0.002913 	 0.000010
-7028.000000 	 0.026901 	 0.000010
-6941.000000 	 0.008421 	 0.000010
-6838.000000 	 -0.023684 	 0.000010
-6713.000000 	 -0.019005 	 0.000010
-6617.000000 	 0.031548 	 0.000010
-6545.000000 	 0.021858 	 0.000010
-6434.000000 	 -0.018325 	 0.000010
-6354.000000 	 -0.005848 	 0.000010
-6263.000000 	 0.008072 	 0.000010
-6131.000000 	 0.007143 	 0.000010
-6039.000000 	 0.015038 	 0.000010
-5998.000000 	 0.015217 	 0.000010
-5855.000000 	 0.012411 	 0.000010
-5716.000000 	 -0.024242 	 0.000010
-5657.000000 	 -0.007792 	 0.000010
-5562.000000 	 0.028729 	 0.000010
-5476.000000 	 0.010938 	 0.000010
-5370.000000 	 -0.003465 	 0.000010
-5274.000000 	 -0.010952 	 0.000010
-5160.000000 	 0.013333 	 0.000010
-5094.000000 	 0.028846 	 0.000010
-5004.000000 	 0.004545 	 0.000010
-4874.000000 	 -0.002101 	 0.000010
-4766.000000 	 0.012281 	 0.000010
-4703.000000 	 0.011399 	 0.000010
-4573.000000 	 -0.004036 	 0.000010
-4480.000000 	 -0.012060 	 0.000010
-4374.000000 	 0.008333 	 0.000010
-4324.000000 	 0.011268 	 0.000010
-4161.000000 	 0.007456 	 0.000010
-4096.000000 	 0.000637 	 0.000010
-4004.000000 	 -0.005914 	 0.000010
-3910.000000 	 0.015421 	 0.000010
-3790.000000 	 0.019577 	 0.000010
-3721.000000 	 -0.020238 	 0.000010
-3622.000000 	 -0.012121 	 0.000010
-3523.000000 	 0.011243 	 0.000010
-3453.000000 	 0.010695 	 0.000010
-3336.000000 	 0.002521 	 0.000010
-3215.000000 	 -0.008636 	 0.000010
-3116.000000 	 0.014198 	 0.000010
-3053.000000 	 0.007009 	 0.000010
-2902.000000 	 0.000000 	 0.000010
-2806.000000 	 0.000575 	 0.000010
-2728.000000 	 -0.004950 	 0.000010
-2604.000000 	 0.021875 	 0.000010
-2536.000000 	 -0.008187 	 0.000010
-2433.000000 	 -0.004950 	 0.000010
-2334.000000 	 0.016742 	 0.000010
-2212.000000 	 -0.005825 	 0.000010
-2128.000000 	 -0.005806 	 0.000010
-2057.000000 	 0.001015 	 0.000010
-1931.000000 	 0.005306 	 0.000010
-1812.000000 	 0.009091 	 0.000010
-1733.000000 	 0.005172 	 0.000010
-1638.000000 	 0.007182 	 0.000010
-1552.000000 	 0.001622 	 0.000010
-1453.000000 	 -0.012871 	 0.000010
-1350.000000 	 -0.002273 	 0.000010
-1233.000000 	 0.001523 	 0.000010
-1153.000000 	 0.002312 	 0.000010
-1060.000000 	 -0.005419 	 0.000010
-950.000000 	 -0.003825 	 0.000010
-877.000000 	 0.017857 	 0.000010
-754.000000 	 0.018537 	 0.000010
-672.000000 	 0.005128 	 0.000010
-559.000000 	 -0.024064 	 0.000010
-485.000000 	 0.005161 	 0.000010
-404.000000 	 0.015556 	 0.000010
-395.000000 	 -0.032000 	 0.000010
-279.000000 	 -0.033071 	 0.000010
-268.000000 	 0.017606 	 0.000010
-137.000000 	 0.000000 	 0.000010
