# CO2 time series flipped and normalized
# 
# -797099.0   -137.0# Time interval
#  1095  # N°of data-points 
# 
#  Time [kyrs]   CO2 [ppmv]    Sigma
-797099.000000 	 188.400000 	 1.800000
-796467.000000 	 189.300000 	 0.700000
-795202.000000 	 195.200000 	 0.700000
-794608.000000 	 199.400000 	 1.300000
-793260.000000 	 209.000000 	 1.100000
-792943.000000 	 204.000000 	 0.700000
-792081.000000 	 205.100000 	 1.100000
-791491.000000 	 215.400000 	 0.500000
-790538.000000 	 221.300000 	 0.600000
-790153.000000 	 218.200000 	 1.500000
-789381.000000 	 226.300000 	 1.400000
-788887.000000 	 229.500000 	 1.000000
-788033.000000 	 247.900000 	 1.200000
-787805.000000 	 248.100000 	 1.200000
-787076.000000 	 256.900000 	 0.800000
-786587.000000 	 260.300000 	 0.900000
-785789.000000 	 255.400000 	 0.800000
-785413.000000 	 253.300000 	 0.800000
-784692.000000 	 250.700000 	 0.700000
-784147.000000 	 246.900000 	 1.200000
-783263.000000 	 252.100000 	 0.700000
-782059.000000 	 246.200000 	 0.800000
-781535.000000 	 248.700000 	 0.800000
-780612.000000 	 242.800000 	 1.300000
-780268.000000 	 248.500000 	 0.500000
-779364.000000 	 243.900000 	 1.100000
-778798.000000 	 245.800000 	 0.600000
-777900.000000 	 246.100000 	 1.600000
-777556.000000 	 246.300000 	 1.200000
-776636.000000 	 243.900000 	 0.900000
-776037.000000 	 238.800000 	 0.800000
-775051.000000 	 240.500000 	 1.500000
-774548.000000 	 236.900000 	 1.100000
-773680.000000 	 233.300000 	 0.300000
-773043.000000 	 230.000000 	 0.600000
-772076.000000 	 230.900000 	 1.300000
-771708.000000 	 229.500000 	 0.800000
-771260.000000 	 237.700000 	 1.000000
-770994.000000 	 235.600000 	 0.500000
-770724.000000 	 238.200000 	 1.300000
-770447.000000 	 235.600000 	 1.000000
-770133.000000 	 231.500000 	 0.700000
-769787.000000 	 226.000000 	 0.800000
-769514.000000 	 228.100000 	 0.900000
-769050.000000 	 221.400000 	 0.800000
-768655.000000 	 222.400000 	 0.600000
-767737.000000 	 217.700000 	 1.000000
-767096.000000 	 213.500000 	 0.800000
-766110.000000 	 215.700000 	 0.500000
-765735.000000 	 216.800000 	 1.000000
-764833.000000 	 222.600000 	 1.100000
-764249.000000 	 224.100000 	 1.200000
-763934.000000 	 221.400000 	 0.600000
-763686.000000 	 225.700000 	 1.700000
-763319.000000 	 215.000000 	 0.800000
-762871.000000 	 216.000000 	 2.000000
-762064.000000 	 212.000000 	 0.900000
-761453.000000 	 206.100000 	 0.800000
-760500.000000 	 206.900000 	 1.600000
-760202.000000 	 208.800000 	 0.900000
-759306.000000 	 214.900000 	 0.800000
-758883.000000 	 217.900000 	 0.600000
-758475.000000 	 217.600000 	 0.900000
-758259.000000 	 215.300000 	 0.700000
-757962.000000 	 219.200000 	 0.400000
-757561.000000 	 215.000000 	 0.600000
-756871.000000 	 210.700000 	 0.900000
-756357.000000 	 206.000000 	 0.500000
-755495.000000 	 201.900000 	 1.400000
-755241.000000 	 200.500000 	 0.900000
-754394.000000 	 195.800000 	 0.900000
-753984.000000 	 191.500000 	 0.700000
-752978.000000 	 196.500000 	 0.600000
-752605.000000 	 188.000000 	 0.800000
-751830.000000 	 190.100000 	 0.600000
-751301.000000 	 186.200000 	 0.400000
-750476.000000 	 184.000000 	 0.900000
-750194.000000 	 184.800000 	 0.700000
-749401.000000 	 182.900000 	 1.400000
-748913.000000 	 181.400000 	 0.500000
-748101.000000 	 180.400000 	 0.900000
-747759.000000 	 180.800000 	 1.200000
-747110.000000 	 180.800000 	 0.900000
-746643.000000 	 183.100000 	 0.400000
-745836.000000 	 180.200000 	 1.000000
-744843.000000 	 182.000000 	 1.100000
-744354.000000 	 181.200000 	 0.700000
-743589.000000 	 180.400000 	 0.600000
-743233.000000 	 181.700000 	 1.000000
-742558.000000 	 182.300000 	 0.800000
-742075.000000 	 177.900000 	 1.200000
-741307.000000 	 176.600000 	 0.800000
-741021.000000 	 178.600000 	 0.900000
-740277.000000 	 178.900000 	 1.700000
-739842.000000 	 185.000000 	 0.600000
-739137.000000 	 197.800000 	 0.400000
-738844.000000 	 200.300000 	 1.200000
-738272.000000 	 206.500000 	 0.400000
-737889.000000 	 210.600000 	 0.900000
-737266.000000 	 211.300000 	 0.300000
-737034.000000 	 208.100000 	 0.100000
-736460.000000 	 209.700000 	 0.500000
-736079.000000 	 204.100000 	 0.400000
-735459.000000 	 201.300000 	 0.400000
-735167.000000 	 201.700000 	 0.600000
-734604.000000 	 207.400000 	 1.100000
-734223.000000 	 205.300000 	 1.600000
-733543.000000 	 204.400000 	 0.700000
-733261.000000 	 203.900000 	 0.600000
-732548.000000 	 205.900000 	 0.400000
-732141.000000 	 203.800000 	 0.800000
-731329.000000 	 204.900000 	 0.400000
-730949.000000 	 204.100000 	 1.500000
-730299.000000 	 204.000000 	 0.700000
-728921.000000 	 205.400000 	 1.100000
-728568.000000 	 205.100000 	 0.400000
-727732.000000 	 205.500000 	 0.500000
-727192.000000 	 204.500000 	 1.300000
-726322.000000 	 208.100000 	 0.800000
-725937.000000 	 206.600000 	 0.700000
-725059.000000 	 206.300000 	 0.500000
-724445.000000 	 210.300000 	 0.300000
-723464.000000 	 213.200000 	 0.600000
-723133.000000 	 213.400000 	 0.800000
-722039.000000 	 211.300000 	 1.100000
-721318.000000 	 206.300000 	 0.400000
-720337.000000 	 195.200000 	 0.300000
-719794.000000 	 187.800000 	 0.900000
-718779.000000 	 184.300000 	 1.100000
-718064.000000 	 192.900000 	 0.600000
-717065.000000 	 205.000000 	 0.500000
-716704.000000 	 208.100000 	 0.400000
-715750.000000 	 222.100000 	 0.300000
-715180.000000 	 217.700000 	 0.500000
-714288.000000 	 221.700000 	 0.600000
-713843.000000 	 222.300000 	 0.300000
-712833.000000 	 218.500000 	 1.100000
-711421.000000 	 218.700000 	 0.500000
-711104.000000 	 218.900000 	 0.200000
-710237.000000 	 220.200000 	 0.600000
-709680.000000 	 219.700000 	 0.900000
-706409.000000 	 228.100000 	 0.500000
-706141.000000 	 228.600000 	 0.600000
-705410.000000 	 228.500000 	 0.300000
-704973.000000 	 233.900000 	 0.400000
-704211.000000 	 231.200000 	 0.600000
-703934.000000 	 231.200000 	 0.700000
-703384.000000 	 232.800000 	 0.600000
-702988.000000 	 232.400000 	 0.500000
-702381.000000 	 230.300000 	 0.600000
-702158.000000 	 229.300000 	 0.800000
-701606.000000 	 228.800000 	 0.800000
-701242.000000 	 228.200000 	 0.500000
-700744.000000 	 227.600000 	 0.600000
-700389.000000 	 228.700000 	 0.800000
-699909.000000 	 226.000000 	 0.900000
-699633.000000 	 227.600000 	 0.500000
-699102.000000 	 227.700000 	 0.700000
-698880.000000 	 226.400000 	 1.000000
-698386.000000 	 228.000000 	 0.300000
-698120.000000 	 231.000000 	 0.500000
-697660.000000 	 232.200000 	 0.500000
-697331.000000 	 232.400000 	 0.700000
-696963.000000 	 232.900000 	 0.700000
-696717.000000 	 235.400000 	 0.400000
-696287.000000 	 234.800000 	 0.200000
-696062.000000 	 234.600000 	 0.500000
-695618.000000 	 237.600000 	 0.400000
-695383.000000 	 236.700000 	 0.600000
-694941.000000 	 236.900000 	 0.600000
-694672.000000 	 235.800000 	 0.200000
-694300.000000 	 234.400000 	 0.500000
-694068.000000 	 235.400000 	 0.800000
-693639.000000 	 234.100000 	 0.900000
-693433.000000 	 234.100000 	 0.700000
-692990.000000 	 234.800000 	 0.700000
-692765.000000 	 232.900000 	 0.400000
-692338.000000 	 235.900000 	 0.300000
-692057.000000 	 235.500000 	 0.300000
-691672.000000 	 236.600000 	 1.200000
-691432.000000 	 235.600000 	 0.400000
-690999.000000 	 234.000000 	 1.300000
-690771.000000 	 240.000000 	 0.800000
-690294.000000 	 234.800000 	 1.000000
-690057.000000 	 235.600000 	 1.000000
-689603.000000 	 239.900000 	 1.000000
-689304.000000 	 235.800000 	 1.000000
-688881.000000 	 234.900000 	 1.000000
-688652.000000 	 235.800000 	 1.000000
-688195.000000 	 233.000000 	 1.000000
-687949.000000 	 232.300000 	 1.000000
-687470.000000 	 228.800000 	 1.000000
-687227.000000 	 228.700000 	 1.000000
-686726.000000 	 227.300000 	 1.000000
-686425.000000 	 224.300000 	 1.000000
-685980.000000 	 224.400000 	 1.000000
-685716.000000 	 223.500000 	 1.000000
-685217.000000 	 219.700000 	 1.000000
-684949.000000 	 219.500000 	 1.000000
-684419.000000 	 219.400000 	 1.000000
-684142.000000 	 217.500000 	 1.000000
-683612.000000 	 217.500000 	 1.000000
-683262.000000 	 218.700000 	 1.000000
-682762.000000 	 221.300000 	 1.000000
-682446.000000 	 222.600000 	 1.000000
-681849.000000 	 219.700000 	 1.000000
-681531.000000 	 217.300000 	 1.000000
-680920.000000 	 216.200000 	 1.000000
-680608.000000 	 218.400000 	 1.000000
-680081.000000 	 225.000000 	 1.000000
-679732.000000 	 223.000000 	 1.000000
-679252.000000 	 230.300000 	 1.000000
-678914.000000 	 230.800000 	 1.000000
-678291.000000 	 230.000000 	 1.000000
-677984.000000 	 226.500000 	 1.000000
-677380.000000 	 217.400000 	 1.000000
-677068.000000 	 215.600000 	 1.000000
-676524.000000 	 214.000000 	 1.000000
-676170.000000 	 217.400000 	 1.000000
-675589.000000 	 220.000000 	 1.000000
-674521.000000 	 213.700000 	 1.000000
-674173.000000 	 209.200000 	 1.000000
-673475.000000 	 202.300000 	 1.000000
-673095.000000 	 198.700000 	 1.000000
-672386.000000 	 194.800000 	 1.000000
-671926.000000 	 192.500000 	 1.000000
-671286.000000 	 194.600000 	 1.000000
-670916.000000 	 192.600000 	 1.000000
-670176.000000 	 189.300000 	 1.000000
-669751.000000 	 185.500000 	 1.000000
-668934.000000 	 178.500000 	 1.000000
-668447.000000 	 175.600000 	 1.000000
-667569.000000 	 171.600000 	 1.000000
-666995.000000 	 172.700000 	 1.000000
-666174.000000 	 178.500000 	 1.000000
-665645.000000 	 178.200000 	 1.000000
-664690.000000 	 185.800000 	 1.000000
-664192.000000 	 189.100000 	 1.000000
-663206.000000 	 189.000000 	 1.000000
-662669.000000 	 187.800000 	 1.000000
-661650.000000 	 189.800000 	 1.000000
-660981.000000 	 186.600000 	 1.000000
-660084.000000 	 183.900000 	 1.000000
-659524.000000 	 182.400000 	 1.000000
-658474.000000 	 189.200000 	 1.000000
-657923.000000 	 191.300000 	 1.000000
-656882.000000 	 198.700000 	 1.000000
-656286.000000 	 198.400000 	 1.000000
-655202.000000 	 193.200000 	 1.000000
-654473.000000 	 191.300000 	 1.000000
-653448.000000 	 185.300000 	 1.000000
-652802.000000 	 185.800000 	 1.000000
-651556.000000 	 192.000000 	 1.000000
-650891.000000 	 187.800000 	 1.000000
-649598.000000 	 194.800000 	 1.000000
-648946.000000 	 192.100000 	 1.000000
-647588.000000 	 190.500000 	 1.000000
-646723.000000 	 188.600000 	 1.000000
-645470.000000 	 194.600000 	 1.000000
-644662.000000 	 194.100000 	 1.000000
-643204.000000 	 190.400000 	 1.000000
-642405.000000 	 190.200000 	 1.000000
-640760.000000 	 189.100000 	 1.000000
-639848.000000 	 187.700000 	 1.000000
-638127.000000 	 194.300000 	 1.000000
-636957.000000 	 193.000000 	 1.000000
-635489.000000 	 193.900000 	 1.000000
-634592.000000 	 192.100000 	 1.000000
-632856.000000 	 195.600000 	 1.000000
-632001.000000 	 199.500000 	 1.000000
-630295.000000 	 199.900000 	 1.000000
-629446.000000 	 198.700000 	 1.000000
-627999.000000 	 205.000000 	 1.000000
-627211.000000 	 214.900000 	 1.000000
-626215.000000 	 227.800000 	 1.000000
-625570.000000 	 234.300000 	 1.000000
-624690.000000 	 237.300000 	 1.000000
-623214.000000 	 238.600000 	 1.000000
-621760.000000 	 243.000000 	 1.000000
-620338.000000 	 245.400000 	 1.000000
-618955.000000 	 247.900000 	 1.000000
-617544.000000 	 252.300000 	 1.000000
-616227.000000 	 252.400000 	 1.000000
-614923.000000 	 252.500000 	 1.000000
-613709.000000 	 256.000000 	 1.000000
-612514.000000 	 258.000000 	 1.000000
-611319.000000 	 259.600000 	 1.000000
-610136.000000 	 257.700000 	 1.000000
-608929.000000 	 259.200000 	 1.000000
-607708.000000 	 254.600000 	 1.000000
-606374.000000 	 248.500000 	 1.000000
-605076.000000 	 244.500000 	 1.000000
-603673.000000 	 239.100000 	 1.000000
-602278.000000 	 237.900000 	 1.000000
-600882.000000 	 232.500000 	 1.000000
-599434.000000 	 229.400000 	 1.000000
-598833.000000 	 226.000000 	 1.000000
-597966.000000 	 219.000000 	 1.000000
-597443.000000 	 216.300000 	 1.000000
-596515.000000 	 216.400000 	 1.000000
-595950.000000 	 221.200000 	 1.000000
-595189.000000 	 232.900000 	 1.000000
-594639.000000 	 238.000000 	 1.000000
-593870.000000 	 238.100000 	 1.000000
-593415.000000 	 233.200000 	 1.000000
-592697.000000 	 229.400000 	 1.000000
-592279.000000 	 225.700000 	 1.000000
-590893.000000 	 237.400000 	 1.000000
-590335.000000 	 243.600000 	 1.000000
-589868.000000 	 248.100000 	 1.000000
-589224.000000 	 250.200000 	 1.000000
-588716.000000 	 246.300000 	 1.000000
-588034.000000 	 238.800000 	 1.000000
-587647.000000 	 234.400000 	 1.000000
-586893.000000 	 226.000000 	 1.000000
-586406.000000 	 224.000000 	 1.000000
-583413.000000 	 210.600000 	 1.000000
-583034.000000 	 206.700000 	 1.000000
-582391.000000 	 209.900000 	 1.000000
-582000.000000 	 215.400000 	 1.000000
-581507.000000 	 219.400000 	 1.000000
-581160.000000 	 225.200000 	 1.000000
-580695.000000 	 230.300000 	 1.000000
-580400.000000 	 236.200000 	 1.000000
-580019.000000 	 243.800000 	 1.000000
-579821.000000 	 244.100000 	 1.000000
-579435.000000 	 251.500000 	 1.000000
-578857.000000 	 252.900000 	 1.000000
-578305.000000 	 249.100000 	 1.000000
-577769.000000 	 251.100000 	 1.000000
-577242.000000 	 251.300000 	 1.000000
-576723.000000 	 251.300000 	 1.000000
-576222.000000 	 252.900000 	 1.000000
-575730.000000 	 252.500000 	 1.000000
-575265.000000 	 248.900000 	 1.000000
-574803.000000 	 252.100000 	 1.000000
-574353.000000 	 251.900000 	 1.000000
-573902.000000 	 251.800000 	 1.000000
-573462.000000 	 248.700000 	 1.000000
-573037.000000 	 249.200000 	 1.000000
-572619.000000 	 247.700000 	 1.000000
-572190.000000 	 246.300000 	 1.000000
-571775.000000 	 250.300000 	 1.000000
-571367.000000 	 251.600000 	 1.000000
-570955.000000 	 249.600000 	 1.000000
-570548.000000 	 251.800000 	 1.000000
-570139.000000 	 251.800000 	 1.000000
-569728.000000 	 251.300000 	 1.000000
-569331.000000 	 250.000000 	 1.000000
-568946.000000 	 251.300000 	 1.000000
-568556.000000 	 250.200000 	 1.000000
-568167.000000 	 253.000000 	 1.000000
-567777.000000 	 252.800000 	 1.000000
-567381.000000 	 253.900000 	 1.000000
-567007.000000 	 253.200000 	 1.000000
-566619.000000 	 254.500000 	 1.000000
-566233.000000 	 253.900000 	 1.000000
-565851.000000 	 254.300000 	 1.000000
-565466.000000 	 253.700000 	 1.000000
-565077.000000 	 251.400000 	 1.000000
-564699.000000 	 252.600000 	 1.000000
-564311.000000 	 252.400000 	 1.000000
-563918.000000 	 251.400000 	 1.000000
-563517.000000 	 247.600000 	 1.000000
-563115.000000 	 245.800000 	 1.000000
-562690.000000 	 245.700000 	 1.000000
-562272.000000 	 242.300000 	 1.000000
-561846.000000 	 240.100000 	 1.000000
-561309.000000 	 234.100000 	 1.000000
-560930.000000 	 234.600000 	 1.000000
-560459.000000 	 231.900000 	 1.000000
-559972.000000 	 231.600000 	 1.000000
-559461.000000 	 228.300000 	 1.000000
-558929.000000 	 230.300000 	 1.000000
-558393.000000 	 230.200000 	 1.000000
-558183.000000 	 229.700000 	 1.000000
-557887.000000 	 234.500000 	 1.000000
-557385.000000 	 238.100000 	 1.000000
-556889.000000 	 240.400000 	 1.000000
-556724.000000 	 245.600000 	 1.000000
-556364.000000 	 250.500000 	 1.000000
-556143.000000 	 244.000000 	 1.000000
-555839.000000 	 249.100000 	 1.000000
-555637.000000 	 243.000000 	 1.000000
-555345.000000 	 241.000000 	 1.000000
-554831.000000 	 233.900000 	 1.000000
-554254.000000 	 226.700000 	 1.000000
-553626.000000 	 224.300000 	 1.000000
-552961.000000 	 223.600000 	 1.000000
-552250.000000 	 220.300000 	 1.000000
-551979.000000 	 222.100000 	 1.000000
-551452.000000 	 226.300000 	 1.000000
-551124.000000 	 222.300000 	 1.000000
-550637.000000 	 221.700000 	 1.000000
-549830.000000 	 219.900000 	 1.000000
-548933.000000 	 215.200000 	 1.000000
-547972.000000 	 213.600000 	 1.000000
-547573.000000 	 208.800000 	 1.000000
-547013.000000 	 202.500000 	 1.000000
-545956.000000 	 204.600000 	 1.000000
-544804.000000 	 209.700000 	 1.000000
-543676.000000 	 209.600000 	 1.000000
-542502.000000 	 210.300000 	 1.000000
-541345.000000 	 208.100000 	 1.000000
-540154.000000 	 203.600000 	 1.000000
-538959.000000 	 205.000000 	 1.000000
-537770.000000 	 211.200000 	 1.000000
-536622.000000 	 212.900000 	 1.000000
-535483.000000 	 206.400000 	 1.000000
-534364.000000 	 205.000000 	 1.000000
-533246.000000 	 199.400000 	 1.000000
-532119.000000 	 199.800000 	 1.000000
-531662.000000 	 190.500000 	 1.000000
-531035.000000 	 193.800000 	 1.000000
-530685.000000 	 195.100000 	 1.000000
-530016.000000 	 200.000000 	 1.000000
-529640.000000 	 204.400000 	 1.000000
-529101.000000 	 211.400000 	 1.000000
-528747.000000 	 214.500000 	 1.000000
-528262.000000 	 220.700000 	 1.000000
-527454.000000 	 220.300000 	 1.000000
-526661.000000 	 221.200000 	 1.000000
-525908.000000 	 222.700000 	 1.000000
-525164.000000 	 224.700000 	 1.000000
-524409.000000 	 227.800000 	 1.000000
-523666.000000 	 230.300000 	 1.000000
-522923.000000 	 233.700000 	 1.000000
-522216.000000 	 235.800000 	 1.000000
-521552.000000 	 236.800000 	 1.000000
-520892.000000 	 241.900000 	 1.000000
-518965.000000 	 243.500000 	 1.000000
-518334.000000 	 245.500000 	 1.000000
-517706.000000 	 247.700000 	 1.000000
-517069.000000 	 245.300000 	 1.000000
-516417.000000 	 245.500000 	 1.000000
-515771.000000 	 246.200000 	 1.000000
-515113.000000 	 247.200000 	 1.000000
-514429.000000 	 243.000000 	 1.000000
-513724.000000 	 241.500000 	 1.000000
-512997.000000 	 239.200000 	 1.000000
-512269.000000 	 238.200000 	 1.000000
-511515.000000 	 242.000000 	 1.000000
-510765.000000 	 235.200000 	 1.000000
-510008.000000 	 236.400000 	 1.000000
-509247.000000 	 233.400000 	 1.000000
-508476.000000 	 240.300000 	 1.000000
-507714.000000 	 237.000000 	 1.000000
-507011.000000 	 238.200000 	 1.000000
-506287.000000 	 236.000000 	 1.000000
-505516.000000 	 235.500000 	 1.000000
-504777.000000 	 233.900000 	 1.000000
-504083.000000 	 234.100000 	 1.000000
-503375.000000 	 232.200000 	 1.000000
-502625.000000 	 232.000000 	 1.000000
-501866.000000 	 231.200000 	 1.000000
-501130.000000 	 230.800000 	 1.000000
-500363.000000 	 228.200000 	 1.000000
-499610.000000 	 230.800000 	 1.000000
-498865.000000 	 230.600000 	 1.000000
-498104.000000 	 232.800000 	 1.000000
-497366.000000 	 236.500000 	 1.000000
-496608.000000 	 236.400000 	 1.000000
-495853.000000 	 237.600000 	 1.000000
-495085.000000 	 238.500000 	 1.000000
-494311.000000 	 238.300000 	 1.000000
-493507.000000 	 239.100000 	 1.000000
-492738.000000 	 239.700000 	 1.000000
-491959.000000 	 243.700000 	 1.000000
-491191.000000 	 246.700000 	 1.000000
-490445.000000 	 243.300000 	 1.000000
-489722.000000 	 242.600000 	 1.000000
-489475.000000 	 249.300000 	 1.000000
-488996.000000 	 252.800000 	 1.000000
-488689.000000 	 240.900000 	 1.000000
-488268.000000 	 242.000000 	 1.000000
-487541.000000 	 237.100000 	 1.000000
-486816.000000 	 231.300000 	 1.000000
-486043.000000 	 232.900000 	 1.000000
-485276.000000 	 233.000000 	 1.000000
-484465.000000 	 231.200000 	 1.000000
-483649.000000 	 231.400000 	 1.000000
-482803.000000 	 231.400000 	 1.000000
-481932.000000 	 227.300000 	 1.000000
-481035.000000 	 223.400000 	 1.000000
-480108.000000 	 223.800000 	 1.000000
-479144.000000 	 218.800000 	 1.000000
-478721.000000 	 220.800000 	 1.000000
-478124.000000 	 231.300000 	 1.000000
-477719.000000 	 236.500000 	 1.000000
-477162.000000 	 239.100000 	 1.000000
-476240.000000 	 236.600000 	 1.000000
-475218.000000 	 232.800000 	 1.000000
-474162.000000 	 233.100000 	 1.000000
-473102.000000 	 241.200000 	 1.000000
-472095.000000 	 245.600000 	 1.000000
-471763.000000 	 243.900000 	 1.000000
-471046.000000 	 243.700000 	 1.000000
-470597.000000 	 232.700000 	 1.000000
-469941.000000 	 229.200000 	 1.000000
-469470.000000 	 218.700000 	 1.000000
-468810.000000 	 215.500000 	 1.000000
-468323.000000 	 206.500000 	 1.000000
-467602.000000 	 205.500000 	 1.000000
-466265.000000 	 203.400000 	 1.000000
-464866.000000 	 204.400000 	 1.000000
-463456.000000 	 208.100000 	 1.000000
-462133.000000 	 210.000000 	 1.000000
-461687.000000 	 205.200000 	 1.000000
-460792.000000 	 199.900000 	 1.000000
-459430.000000 	 194.400000 	 1.000000
-458049.000000 	 190.700000 	 1.000000
-456591.000000 	 195.500000 	 1.000000
-455279.000000 	 202.400000 	 1.000000
-454023.000000 	 208.300000 	 1.000000
-453514.000000 	 203.300000 	 1.000000
-452795.000000 	 204.300000 	 1.000000
-452283.000000 	 199.100000 	 1.000000
-451593.000000 	 192.500000 	 1.000000
-450455.000000 	 193.300000 	 1.000000
-449244.000000 	 198.400000 	 1.000000
-448103.000000 	 201.900000 	 1.000000
-446984.000000 	 204.900000 	 1.000000
-445829.000000 	 201.200000 	 1.000000
-444650.000000 	 201.700000 	 1.000000
-443562.000000 	 208.100000 	 1.000000
-442411.000000 	 203.500000 	 1.000000
-441220.000000 	 201.100000 	 1.000000
-439565.000000 	 199.100000 	 1.000000
-438356.000000 	 202.000000 	 1.000000
-437152.000000 	 201.300000 	 1.000000
-435989.000000 	 201.700000 	 1.000000
-434804.000000 	 200.300000 	 1.000000
-433674.000000 	 207.500000 	 1.000000
-432599.000000 	 209.800000 	 1.000000
-431445.000000 	 207.600000 	 1.000000
-431063.000000 	 211.500000 	 1.000000
-429876.000000 	 227.200000 	 1.000000
-429006.000000 	 219.700000 	 1.600000
-427566.000000 	 242.500000 	 1.200000
-427285.000000 	 248.200000 	 1.500000
-426598.000000 	 252.100000 	 1.700000
-425975.000000 	 255.300000 	 1.800000
-425569.000000 	 265.400000 	 0.800000
-425242.000000 	 270.000000 	 1.500000
-424840.000000 	 270.800000 	 1.600000
-424332.000000 	 268.300000 	 1.400000
-423764.000000 	 267.700000 	 1.800000
-422649.000000 	 270.600000 	 1.100000
-422074.000000 	 266.400000 	 2.900000
-421484.000000 	 268.600000 	 1.900000
-420350.000000 	 273.800000 	 1.100000
-419808.000000 	 271.200000 	 2.500000
-419260.000000 	 273.700000 	 2.000000
-418245.000000 	 274.600000 	 1.300000
-417698.000000 	 271.800000 	 0.700000
-417191.000000 	 273.400000 	 0.900000
-416193.000000 	 271.700000 	 1.500000
-415717.000000 	 276.400000 	 1.700000
-414963.000000 	 271.600000 	 2.200000
-413948.000000 	 264.900000 	 1.700000
-412962.000000 	 274.900000 	 1.300000
-411071.000000 	 283.500000 	 1.600000
-410206.000000 	 282.600000 	 1.300000
-409383.000000 	 275.200000 	 1.600000
-409383.000000 	 274.200000 	 1.600000
-408600.000000 	 284.500000 	 1.100000
-407093.000000 	 285.600000 	 1.500000
-406368.000000 	 279.600000 	 1.100000
-404927.000000 	 280.500000 	 0.900000
-404181.000000 	 276.500000 	 0.600000
-402731.000000 	 275.700000 	 1.800000
-402000.000000 	 283.100000 	 1.700000
-400504.000000 	 283.200000 	 2.100000
-399722.000000 	 277.100000 	 1.400000
-398086.000000 	 276.300000 	 1.800000
-394560.000000 	 260.700000 	 1.300000
-393579.000000 	 273.600000 	 1.600000
-392544.000000 	 259.500000 	 1.000000
-391896.000000 	 266.300000 	 0.600000
-389946.000000 	 250.100000 	 1.000000
-388062.000000 	 255.200000 	 1.000000
-386144.000000 	 259.200000 	 1.400000
-385398.000000 	 264.600000 	 1.300000
-384534.000000 	 258.100000 	 0.800000
-382670.000000 	 245.800000 	 1.900000
-381132.000000 	 246.800000 	 0.700000
-379696.000000 	 239.100000 	 2.600000
-378096.000000 	 240.000000 	 0.900000
-376568.000000 	 227.000000 	 0.700000
-372646.000000 	 229.600000 	 2.200000
-371090.000000 	 224.600000 	 1.900000
-369446.000000 	 214.700000 	 1.200000
-367856.000000 	 199.900000 	 0.900000
-366235.000000 	 201.900000 	 0.900000
-363385.000000 	 206.300000 	 2.300000
-360957.000000 	 201.200000 	 0.900000
-358712.000000 	 185.800000 	 1.400000
-356898.000000 	 186.100000 	 0.700000
-355302.000000 	 193.000000 	 1.800000
-352275.000000 	 209.200000 	 1.100000
-350925.000000 	 209.400000 	 0.900000
-349688.000000 	 216.200000 	 1.700000
-348298.000000 	 221.100000 	 0.600000
-345980.000000 	 220.300000 	 1.100000
-344446.000000 	 211.900000 	 1.000000
-343282.000000 	 204.800000 	 0.900000
-341802.000000 	 205.200000 	 1.200000
-340456.000000 	 200.700000 	 1.000000
-339298.000000 	 250.100000 	 0.700000
-337391.000000 	 234.200000 	 2.300000
-336725.000000 	 239.600000 	 1.400000
-335918.000000 	 241.900000 	 1.700000
-335287.000000 	 255.700000 	 1.300000
-334748.000000 	 270.500000 	 1.100000
-334261.000000 	 278.600000 	 1.300000
-333890.000000 	 285.800000 	 1.200000
-333380.000000 	 278.100000 	 1.400000
-332919.000000 	 298.600000 	 1.200000
-332462.000000 	 288.400000 	 1.200000
-332285.000000 	 289.100000 	 1.800000
-331944.000000 	 282.400000 	 0.200000
-331438.000000 	 273.100000 	 0.400000
-330740.000000 	 272.600000 	 2.500000
-330208.000000 	 271.700000 	 2.700000
-329475.000000 	 265.000000 	 0.600000
-328221.000000 	 275.100000 	 1.300000
-327590.000000 	 271.900000 	 1.600000
-326972.000000 	 270.100000 	 1.400000
-326321.000000 	 266.100000 	 1.900000
-325720.000000 	 264.000000 	 1.200000
-324971.000000 	 266.200000 	 2.000000
-324280.000000 	 260.500000 	 1.400000
-323526.000000 	 260.300000 	 1.600000
-322767.000000 	 260.400000 	 2.100000
-322015.000000 	 257.200000 	 1.700000
-320358.000000 	 249.200000 	 0.800000
-319480.000000 	 255.800000 	 0.500000
-318559.000000 	 233.400000 	 1.000000
-317734.000000 	 245.200000 	 1.700000
-316897.000000 	 251.600000 	 1.400000
-316200.000000 	 272.600000 	 0.800000
-315572.000000 	 246.800000 	 1.600000
-314867.000000 	 257.100000 	 1.400000
-314144.000000 	 256.700000 	 0.800000
-313414.000000 	 251.600000 	 1.100000
-312676.000000 	 241.900000 	 1.800000
-311868.000000 	 239.000000 	 2.100000
-311013.000000 	 237.800000 	 0.900000
-310168.000000 	 233.200000 	 0.800000
-309389.000000 	 226.200000 	 0.700000
-308744.000000 	 227.800000 	 1.000000
-307495.000000 	 225.800000 	 1.400000
-306547.000000 	 244.800000 	 0.500000
-305655.000000 	 248.600000 	 0.800000
-304901.000000 	 250.200000 	 1.000000
-304232.000000 	 240.700000 	 1.200000
-303226.000000 	 240.200000 	 1.300000
-302280.000000 	 236.000000 	 0.500000
-301402.000000 	 239.000000 	 2.200000
-300472.000000 	 236.100000 	 2.600000
-299621.000000 	 231.000000 	 1.100000
-298741.000000 	 224.400000 	 1.300000
-297921.000000 	 217.100000 	 1.400000
-295930.000000 	 213.100000 	 0.800000
-294568.000000 	 212.700000 	 0.700000
-293779.000000 	 206.700000 	 1.400000
-293057.000000 	 206.000000 	 0.800000
-292405.000000 	 207.600000 	 1.200000
-291367.000000 	 217.100000 	 0.700000
-290730.000000 	 220.400000 	 0.800000
-290153.000000 	 234.900000 	 0.600000
-288233.000000 	 231.000000 	 1.900000
-287538.000000 	 230.400000 	 1.000000
-287036.000000 	 231.400000 	 1.200000
-286128.000000 	 226.400000 	 0.500000
-285380.000000 	 228.000000 	 0.900000
-283785.000000 	 231.300000 	 0.500000
-281758.000000 	 223.700000 	 2.200000
-280269.000000 	 215.300000 	 0.600000
-279320.000000 	 211.000000 	 0.800000
-278350.000000 	 204.500000 	 0.700000
-277361.000000 	 202.200000 	 0.800000
-276326.000000 	 193.200000 	 1.700000
-275350.000000 	 198.400000 	 1.200000
-274321.000000 	 194.100000 	 0.800000
-273310.000000 	 193.900000 	 0.900000
-272311.000000 	 190.400000 	 0.700000
-271256.000000 	 184.700000 	 1.300000
-270222.000000 	 198.800000 	 0.700000
-269154.000000 	 194.200000 	 0.800000
-268181.000000 	 187.200000 	 1.200000
-267442.000000 	 188.700000 	 0.800000
-266326.000000 	 211.700000 	 1.600000
-265653.000000 	 199.900000 	 1.600000
-264509.000000 	 228.100000 	 0.800000
-262930.000000 	 214.600000 	 1.900000
-262092.000000 	 208.900000 	 1.600000
-260916.000000 	 205.700000 	 0.700000
-260353.000000 	 209.600000 	 0.900000
-258661.000000 	 203.900000 	 0.500000
-257100.000000 	 204.000000 	 0.500000
-256309.000000 	 201.900000 	 1.400000
-255498.000000 	 199.000000 	 0.900000
-253636.000000 	 195.400000 	 0.900000
-252739.000000 	 196.700000 	 1.100000
-251864.000000 	 195.400000 	 0.300000
-251005.000000 	 213.900000 	 1.100000
-250133.000000 	 200.200000 	 2.200000
-247681.000000 	 214.700000 	 1.200000
-245441.000000 	 219.400000 	 1.500000
-244864.000000 	 230.400000 	 1.400000
-244347.000000 	 236.700000 	 0.800000
-243856.000000 	 249.900000 	 2.100000
-243429.000000 	 252.300000 	 1.500000
-243071.000000 	 263.700000 	 0.800000
-242346.000000 	 280.200000 	 1.300000
-242007.000000 	 279.000000 	 0.900000
-241366.000000 	 263.200000 	 1.200000
-240945.000000 	 259.700000 	 1.000000
-239973.000000 	 252.800000 	 0.400000
-239477.000000 	 247.400000 	 0.700000
-239013.000000 	 245.800000 	 1.500000
-238558.000000 	 245.600000 	 0.900000
-237868.000000 	 239.100000 	 1.200000
-237294.000000 	 243.100000 	 1.200000
-236734.000000 	 247.400000 	 1.500000
-236114.000000 	 241.400000 	 0.900000
-235480.000000 	 252.100000 	 2.100000
-234817.000000 	 245.200000 	 0.500000
-231066.000000 	 241.600000 	 1.800000
-230422.000000 	 233.900000 	 0.500000
-229423.000000 	 232.400000 	 1.500000
-227776.000000 	 224.500000 	 1.700000
-227027.000000 	 233.100000 	 1.700000
-226711.000000 	 234.500000 	 1.000000
-225909.000000 	 235.500000 	 0.700000
-224923.000000 	 215.700000 	 0.800000
-224269.000000 	 203.300000 	 1.600000
-222030.000000 	 205.600000 	 0.700000
-220739.000000 	 208.800000 	 1.600000
-220058.000000 	 207.100000 	 0.900000
-219116.000000 	 216.100000 	 1.200000
-218361.000000 	 214.100000 	 1.100000
-216352.000000 	 240.500000 	 0.600000
-215382.000000 	 245.300000 	 0.400000
-214794.000000 	 251.100000 	 1.300000
-214459.000000 	 251.700000 	 1.300000
-213984.000000 	 247.500000 	 1.300000
-213536.000000 	 242.600000 	 1.200000
-213270.000000 	 240.300000 	 1.300000
-212716.000000 	 241.400000 	 0.500000
-211858.000000 	 251.200000 	 1.700000
-210813.000000 	 243.400000 	 1.000000
-210154.000000 	 257.400000 	 1.100000
-209817.000000 	 239.500000 	 0.700000
-209432.000000 	 246.900000 	 1.100000
-208995.000000 	 252.000000 	 0.400000
-208803.000000 	 247.200000 	 1.800000
-208254.000000 	 243.900000 	 0.700000
-208064.000000 	 244.600000 	 1.300000
-207544.000000 	 242.200000 	 1.000000
-207120.000000 	 240.500000 	 0.500000
-206810.000000 	 230.000000 	 1.100000
-206144.000000 	 237.200000 	 1.100000
-205952.000000 	 238.100000 	 1.100000
-205362.000000 	 231.400000 	 0.600000
-204908.000000 	 229.400000 	 0.500000
-204480.000000 	 226.300000 	 1.100000
-203837.000000 	 228.600000 	 1.800000
-203317.000000 	 232.200000 	 1.700000
-202874.000000 	 231.900000 	 0.900000
-202413.000000 	 244.400000 	 0.300000
-201163.000000 	 247.600000 	 0.600000
-199918.000000 	 239.100000 	 1.600000
-198972.000000 	 250.900000 	 0.800000
-196179.000000 	 242.600000 	 1.100000
-195673.000000 	 241.200000 	 1.200000
-195017.000000 	 226.400000 	 0.500000
-193481.000000 	 220.000000 	 0.600000
-192910.000000 	 226.500000 	 0.900000
-190352.000000 	 218.000000 	 1.400000
-189076.000000 	 220.300000 	 0.500000
-188436.000000 	 231.400000 	 1.000000
-186697.000000 	 231.300000 	 1.800000
-184685.000000 	 210.700000 	 0.400000
-182046.000000 	 203.400000 	 0.600000
-180068.000000 	 199.700000 	 0.800000
-179117.000000 	 198.100000 	 0.800000
-178179.000000 	 217.700000 	 1.100000
-177139.000000 	 213.200000 	 1.300000
-175306.000000 	 207.700000 	 0.300000
-173394.000000 	 190.100000 	 0.900000
-173135.000000 	 189.400000 	 1.100000
-172434.000000 	 190.300000 	 0.600000
-171351.000000 	 196.000000 	 1.800000
-169492.000000 	 197.700000 	 0.900000
-167183.000000 	 197.800000 	 1.500000
-164439.000000 	 196.600000 	 1.000000
-163698.000000 	 183.800000 	 1.100000
-163024.000000 	 186.700000 	 1.400000
-162228.000000 	 190.100000 	 1.300000
-161679.000000 	 191.600000 	 0.800000
-159943.000000 	 196.500000 	 1.100000
-159562.000000 	 204.300000 	 0.700000
-155813.000000 	 187.500000 	 1.700000
-155395.000000 	 185.500000 	 1.200000
-154480.000000 	 189.000000 	 1.800000
-151423.000000 	 200.600000 	 0.500000
-149921.000000 	 188.900000 	 1.200000
-149803.000000 	 191.900000 	 1.400000
-148831.000000 	 203.000000 	 0.400000
-145363.000000 	 196.900000 	 1.100000
-142058.000000 	 190.400000 	 0.900000
-140960.000000 	 196.400000 	 1.100000
-140899.000000 	 195.600000 	 1.000000
-139617.000000 	 196.500000 	 0.300000
-139275.000000 	 192.300000 	 0.800000
-138185.000000 	 190.200000 	 0.800000
-137982.000000 	 194.200000 	 1.000000
-137633.000000 	 193.400000 	 0.300000
-137293.000000 	 194.300000 	 0.900000
-136655.000000 	 201.100000 	 0.500000
-136567.000000 	 195.800000 	 0.900000
-136251.000000 	 202.400000 	 0.800000
-136011.000000 	 200.700000 	 0.500000
-135883.000000 	 201.700000 	 1.800000
-135603.000000 	 198.000000 	 1.500000
-135207.000000 	 198.000000 	 1.600000
-135114.000000 	 200.400000 	 1.800000
-134960.000000 	 204.500000 	 0.700000
-134287.000000 	 203.700000 	 1.900000
-134123.000000 	 208.900000 	 1.000000
-133427.000000 	 210.600000 	 0.500000
-133105.000000 	 220.300000 	 1.000000
-133069.000000 	 223.900000 	 1.100000
-132492.000000 	 223.500000 	 1.300000
-131728.000000 	 228.900000 	 0.900000
-131455.000000 	 240.400000 	 2.000000
-131329.000000 	 245.000000 	 1.000000
-129736.000000 	 259.000000 	 0.700000
-129652.000000 	 257.900000 	 0.400000
-129340.000000 	 263.400000 	 1.200000
-129146.000000 	 264.100000 	 0.700000
-128866.000000 	 282.600000 	 0.500000
-128609.000000 	 286.800000 	 1.000000
-128372.000000 	 287.100000 	 1.800000
-128344.000000 	 274.000000 	 1.000000
-127907.000000 	 275.600000 	 0.500000
-127622.000000 	 275.300000 	 0.700000
-127132.000000 	 262.600000 	 0.600000
-126886.000000 	 262.500000 	 0.900000
-126598.000000 	 267.100000 	 0.300000
-126347.000000 	 273.700000 	 0.400000
-125434.000000 	 277.100000 	 1.000000
-125262.000000 	 273.000000 	 0.800000
-125081.000000 	 279.700000 	 1.500000
-124789.000000 	 266.300000 	 1.000000
-124257.000000 	 266.600000 	 1.200000
-124213.000000 	 268.700000 	 0.800000
-123070.000000 	 276.400000 	 1.100000
-122344.000000 	 272.100000 	 1.100000
-121017.000000 	 277.600000 	 1.000000
-120382.000000 	 265.200000 	 1.400000
-119672.000000 	 271.900000 	 0.700000
-118649.000000 	 273.700000 	 0.700000
-117750.000000 	 267.600000 	 0.200000
-116501.000000 	 262.500000 	 0.900000
-115118.000000 	 273.200000 	 1.000000
-114601.000000 	 274.500000 	 0.700000
-114096.000000 	 261.400000 	 0.600000
-113262.000000 	 266.300000 	 1.000000
-111862.000000 	 256.700000 	 1.000000
-109804.000000 	 251.200000 	 0.700000
-108153.000000 	 245.600000 	 0.600000
-107579.000000 	 238.200000 	 0.800000
-105636.000000 	 230.600000 	 0.800000
-104704.000000 	 236.900000 	 0.600000
-103465.000000 	 228.100000 	 0.900000
-101749.000000 	 236.900000 	 1.400000
-100837.000000 	 230.800000 	 1.500000
-99849.000000 	 225.800000 	 0.800000
-94353.000000 	 232.000000 	 0.900000
-91249.000000 	 228.300000 	 0.600000
-90357.000000 	 224.200000 	 1.200000
-87917.000000 	 208.000000 	 1.200000
-86181.000000 	 217.000000 	 1.300000
-85020.000000 	 214.200000 	 0.900000
-84016.000000 	 228.000000 	 1.000000
-83333.000000 	 236.400000 	 1.700000
-82417.000000 	 241.100000 	 0.600000
-80614.000000 	 230.900000 	 1.600000
-78183.000000 	 221.700000 	 1.300000
-77150.000000 	 217.100000 	 0.800000
-73227.000000 	 229.100000 	 0.700000
-71049.000000 	 227.300000 	 1.400000
-65939.000000 	 194.900000 	 1.000000
-64939.000000 	 191.400000 	 1.100000
-62859.000000 	 195.300000 	 1.200000
-57657.000000 	 210.400000 	 1.000000
-57088.000000 	 221.700000 	 1.300000
-52382.000000 	 190.400000 	 1.100000
-50663.000000 	 215.700000 	 1.700000
-49690.000000 	 210.100000 	 1.300000
-48854.000000 	 188.400000 	 1.500000
-47336.000000 	 189.300000 	 1.000000
-43500.000000 	 209.100000 	 0.500000
-37471.000000 	 209.100000 	 1.100000
-35009.000000 	 205.300000 	 1.200000
-30020.000000 	 191.700000 	 2.000000
-29063.000000 	 188.500000 	 0.600000
-25994.000000 	 191.600000 	 1.300000
-22827.000000 	 189.200000 	 2.100000
-22015.000000 	 184.400000 	 2.100000
-21854.000000 	 185.700000 	 0.800000
-21507.000000 	 186.100000 	 1.000000
-21257.000000 	 184.700000 	 0.700000
-21011.000000 	 186.500000 	 0.900000
-20748.000000 	 186.900000 	 1.400000
-20502.000000 	 187.800000 	 0.600000
-20197.000000 	 195.000000 	 1.500000
-20168.000000 	 188.200000 	 1.500000
-19988.000000 	 188.000000 	 1.300000
-19748.000000 	 190.000000 	 1.000000
-19509.000000 	 188.800000 	 1.100000
-19347.000000 	 188.700000 	 1.300000
-18921.000000 	 188.300000 	 0.800000
-18868.000000 	 192.300000 	 1.900000
-18828.000000 	 189.400000 	 0.700000
-18541.000000 	 188.600000 	 1.000000
-18285.000000 	 187.000000 	 0.600000
-17943.000000 	 189.200000 	 0.800000
-17809.000000 	 188.500000 	 0.600000
-17565.000000 	 188.500000 	 0.700000
-17375.000000 	 191.000000 	 0.500000
-17111.000000 	 193.900000 	 1.000000
-16870.000000 	 195.200000 	 0.500000
-16659.000000 	 200.800000 	 1.000000
-16452.000000 	 202.900000 	 0.700000
-16260.000000 	 207.700000 	 1.600000
-16073.000000 	 207.500000 	 0.300000
-15886.000000 	 214.000000 	 1.300000
-15742.000000 	 219.400000 	 1.100000
-15570.000000 	 220.900000 	 0.500000
-15438.000000 	 221.000000 	 1.400000
-15233.000000 	 222.000000 	 0.500000
-15012.000000 	 224.500000 	 1.700000
-14890.000000 	 225.200000 	 1.300000
-14725.000000 	 226.100000 	 1.600000
-14550.000000 	 228.400000 	 1.800000
-14303.000000 	 228.500000 	 0.900000
-13948.000000 	 239.100000 	 0.800000
-13804.000000 	 238.600000 	 1.500000
-13653.000000 	 238.600000 	 1.000000
-13542.000000 	 239.200000 	 1.000000
-13440.000000 	 236.400000 	 0.600000
-13241.000000 	 237.600000 	 0.300000
-13090.000000 	 237.900000 	 1.500000
-12942.000000 	 237.300000 	 1.400000
-12760.000000 	 238.300000 	 0.500000
-12642.000000 	 234.200000 	 1.600000
-12496.000000 	 237.600000 	 2.000000
-12371.000000 	 237.500000 	 0.600000
-12122.000000 	 240.300000 	 0.600000
-12050.000000 	 243.200000 	 0.700000
-11958.000000 	 246.600000 	 1.700000
-11896.000000 	 245.300000 	 1.200000
-11819.000000 	 245.300000 	 1.100000
-11727.000000 	 250.700000 	 1.600000
-11676.000000 	 251.100000 	 0.800000
-11635.000000 	 249.700000 	 0.800000
-11580.000000 	 250.700000 	 0.900000
-11469.000000 	 253.800000 	 1.200000
-11436.000000 	 253.900000 	 1.300000
-11392.000000 	 255.400000 	 2.000000
-11338.000000 	 260.800000 	 0.700000
-11278.000000 	 258.800000 	 1.800000
-11236.000000 	 265.200000 	 1.200000
-11201.000000 	 263.000000 	 0.400000
-11136.000000 	 264.000000 	 1.300000
-11087.000000 	 264.500000 	 1.100000
-11014.000000 	 264.200000 	 0.800000
-10933.000000 	 264.100000 	 1.600000
-10895.000000 	 264.400000 	 0.800000
-10827.000000 	 265.300000 	 0.800000
-10805.000000 	 265.000000 	 1.000000
-10744.000000 	 264.800000 	 1.700000
-10621.000000 	 264.800000 	 0.700000
-10527.000000 	 267.600000 	 0.300000
-10417.000000 	 265.100000 	 0.400000
-10294.000000 	 266.000000 	 1.900000
-10209.000000 	 266.900000 	 1.200000
-10088.000000 	 267.500000 	 0.800000
-9983.000000 	 264.900000 	 1.000000
-9909.000000 	 265.700000 	 1.800000
-9807.000000 	 263.400000 	 0.700000
-9721.000000 	 264.000000 	 0.800000
-9597.000000 	 264.200000 	 1.400000
-9536.000000 	 264.400000 	 1.700000
-9317.000000 	 263.800000 	 1.600000
-9232.000000 	 263.000000 	 1.500000
-9140.000000 	 260.900000 	 0.900000
-9092.000000 	 260.600000 	 0.300000
-8973.000000 	 265.200000 	 2.400000
-8869.000000 	 263.800000 	 2.400000
-8784.000000 	 263.700000 	 2.100000
-8653.000000 	 262.000000 	 1.300000
-8579.000000 	 259.300000 	 2.700000
-8477.000000 	 260.400000 	 0.700000
-8387.000000 	 260.900000 	 0.900000
-8281.000000 	 259.000000 	 0.900000
-8181.000000 	 261.800000 	 1.200000
-8050.000000 	 260.700000 	 0.400000
-7990.000000 	 261.300000 	 0.300000
-7876.000000 	 258.300000 	 1.300000
-7781.000000 	 259.300000 	 0.800000
-7691.000000 	 259.600000 	 1.300000
-7590.000000 	 260.800000 	 1.800000
-7507.000000 	 259.200000 	 1.600000
-7413.000000 	 259.700000 	 1.400000
-7320.000000 	 260.400000 	 1.900000
-7234.000000 	 260.100000 	 1.300000
-7112.000000 	 258.400000 	 0.300000
-7028.000000 	 260.700000 	 1.800000
-6941.000000 	 263.000000 	 1.700000
-6838.000000 	 262.300000 	 1.500000
-6713.000000 	 257.600000 	 2.000000
-6617.000000 	 258.100000 	 1.400000
-6545.000000 	 262.900000 	 2.200000
-6434.000000 	 262.100000 	 2.300000
-6354.000000 	 259.400000 	 1.500000
-6263.000000 	 261.100000 	 1.400000
-6131.000000 	 261.200000 	 0.700000
-6039.000000 	 262.700000 	 1.800000
-5998.000000 	 263.200000 	 2.300000
-5855.000000 	 265.500000 	 1.200000
-5716.000000 	 266.700000 	 0.800000
-5657.000000 	 260.700000 	 1.100000
-5562.000000 	 265.500000 	 1.900000
-5476.000000 	 265.900000 	 0.200000
-5370.000000 	 267.600000 	 2.100000
-5274.000000 	 265.200000 	 0.900000
-5160.000000 	 265.300000 	 3.000000
-5094.000000 	 267.600000 	 2.700000
-5004.000000 	 269.800000 	 1.400000
-4874.000000 	 268.600000 	 0.900000
-4766.000000 	 269.300000 	 1.600000
-4703.000000 	 270.700000 	 0.500000
-4573.000000 	 271.500000 	 0.400000
-4480.000000 	 269.800000 	 0.900000
-4374.000000 	 269.100000 	 2.100000
-4324.000000 	 271.100000 	 1.800000
-4161.000000 	 271.500000 	 1.600000
-4096.000000 	 272.800000 	 1.600000
-4004.000000 	 271.600000 	 1.900000
-3910.000000 	 271.700000 	 1.100000
-3790.000000 	 274.900000 	 2.200000
-3721.000000 	 275.400000 	 2.100000
-3622.000000 	 271.500000 	 2.400000
-3523.000000 	 273.000000 	 1.500000
-3453.000000 	 273.400000 	 1.000000
-3336.000000 	 275.000000 	 2.300000
-3215.000000 	 274.000000 	 0.900000
-3116.000000 	 273.100000 	 0.400000
-3053.000000 	 276.300000 	 0.600000
-2902.000000 	 274.600000 	 2.000000
-2806.000000 	 276.300000 	 0.700000
-2728.000000 	 274.700000 	 0.500000
-2604.000000 	 275.300000 	 1.100000
-2536.000000 	 278.900000 	 2.400000
-2433.000000 	 273.900000 	 0.900000
-2334.000000 	 277.900000 	 0.600000
-2212.000000 	 277.600000 	 0.700000
-2128.000000 	 276.700000 	 0.700000
-2057.000000 	 276.700000 	 1.100000
-1931.000000 	 276.900000 	 2.500000
-1812.000000 	 278.000000 	 0.700000
-1733.000000 	 278.700000 	 0.200000
-1638.000000 	 278.900000 	 2.600000
-1552.000000 	 280.000000 	 1.400000
-1453.000000 	 279.200000 	 1.300000
-1350.000000 	 277.400000 	 0.700000
-1233.000000 	 278.700000 	 1.500000
-1153.000000 	 277.700000 	 2.700000
-1060.000000 	 279.100000 	 0.800000
-950.000000 	 276.600000 	 3.000000
-877.000000 	 278.400000 	 0.800000
-754.000000 	 280.100000 	 1.800000
-672.000000 	 282.200000 	 3.700000
-559.000000 	 281.100000 	 2.500000
-485.000000 	 277.700000 	 1.600000
-404.000000 	 281.900000 	 1.900000
-395.000000 	 279.100000 	 1.700000
-279.000000 	 277.900000 	 2.000000
-268.000000 	 274.900000 	 2.100000
-137.000000 	 280.400000 	 1.400000
