# SST from ODP 982 (N.Atlantic) retrieved by Uk37 method from Lawrence et al., 2010.
# 1095    N°of data-points
# Time [yrs]         SST [°C]
-797099.000000 	 8.810000
-796467.000000 	 8.810000
-795202.000000 	 9.321450
-794608.000000 	 9.580666
-793260.000000 	 10.168920
-792943.000000 	 10.307256
-792081.000000 	 10.683425
-791491.000000 	 10.940895
-790538.000000 	 11.356775
-790153.000000 	 11.524786
-789381.000000 	 11.861679
-788887.000000 	 12.077256
-788033.000000 	 12.449933
-787805.000000 	 12.549430
-787076.000000 	 12.867559
-786587.000000 	 13.080954
-785789.000000 	 13.429194
-785413.000000 	 13.541134
-784692.000000 	 13.596498
-784147.000000 	 13.638347
-783263.000000 	 13.706227
-782059.000000 	 13.798680
-781535.000000 	 13.838916
-780612.000000 	 13.909791
-780268.000000 	 13.936206
-779364.000000 	 14.005622
-778798.000000 	 14.049084
-777900.000000 	 14.118039
-777556.000000 	 14.133932
-776636.000000 	 14.037688
-776037.000000 	 13.975025
-775051.000000 	 13.871877
-774548.000000 	 13.819256
-773680.000000 	 13.728452
-773043.000000 	 13.661814
-772076.000000 	 13.560653
-771708.000000 	 13.522155
-771260.000000 	 13.475289
-770994.000000 	 13.447462
-770724.000000 	 13.419216
-770447.000000 	 13.390238
-770133.000000 	 13.357390
-769787.000000 	 13.321194
-769514.000000 	 13.299989
-769050.000000 	 13.272005
-768655.000000 	 13.248182
-767737.000000 	 13.192817
-767096.000000 	 13.154159
-766110.000000 	 13.094693
-765735.000000 	 13.072076
-764833.000000 	 13.017677
-764249.000000 	 12.982455
-763934.000000 	 12.963458
-763686.000000 	 12.948501
-763319.000000 	 12.926367
-762871.000000 	 12.899348
-762064.000000 	 12.850678
-761453.000000 	 12.813828
-760500.000000 	 12.756353
-760202.000000 	 12.738380
-759306.000000 	 12.684342
-758883.000000 	 12.667541
-758475.000000 	 12.653058
-758259.000000 	 12.645391
-757962.000000 	 12.634849
-757561.000000 	 12.620615
-756871.000000 	 12.596122
-756357.000000 	 12.577877
-755495.000000 	 12.547279
-755241.000000 	 12.538263
-754394.000000 	 12.508198
-753984.000000 	 12.493644
-752978.000000 	 12.457935
-752605.000000 	 12.444695
-751830.000000 	 12.417185
-751301.000000 	 12.398408
-750476.000000 	 12.369123
-750194.000000 	 12.359113
-749401.000000 	 12.330965
-748913.000000 	 12.313642
-748101.000000 	 12.284819
-747759.000000 	 12.272680
-747110.000000 	 12.249643
-746643.000000 	 12.233066
-745836.000000 	 12.204420
-744843.000000 	 12.169172
-744354.000000 	 12.151815
-743589.000000 	 12.124660
-743233.000000 	 12.112023
-742558.000000 	 12.133401
-742075.000000 	 12.151689
-741307.000000 	 12.180770
-741021.000000 	 12.191599
-740277.000000 	 12.219770
-739842.000000 	 12.236242
-739137.000000 	 12.262936
-738844.000000 	 12.274031
-738272.000000 	 12.295690
-737889.000000 	 12.310192
-737266.000000 	 12.333782
-737034.000000 	 12.342566
-736460.000000 	 12.364301
-736079.000000 	 12.378727
-735459.000000 	 12.402203
-735167.000000 	 12.413260
-734604.000000 	 12.434578
-734223.000000 	 12.449005
-733543.000000 	 12.474753
-733261.000000 	 12.485431
-732548.000000 	 12.512428
-732141.000000 	 12.527839
-731329.000000 	 12.558586
-730949.000000 	 12.572974
-730299.000000 	 12.597586
-728921.000000 	 12.649764
-728568.000000 	 12.663131
-727732.000000 	 12.694786
-727192.000000 	 12.715233
-726322.000000 	 12.702327
-725937.000000 	 12.680130
-725059.000000 	 12.629511
-724445.000000 	 12.594112
-723464.000000 	 12.537555
-723133.000000 	 12.518472
-722039.000000 	 12.455400
-721318.000000 	 12.413832
-720337.000000 	 12.357275
-719794.000000 	 12.325969
-718779.000000 	 12.267451
-718064.000000 	 12.226230
-717065.000000 	 12.168634
-716704.000000 	 12.147822
-715750.000000 	 12.092821
-715180.000000 	 12.059959
-714288.000000 	 12.008533
-713843.000000 	 12.104288
-712833.000000 	 12.458939
-711421.000000 	 12.954748
-711104.000000 	 13.066059
-710237.000000 	 13.370497
-709680.000000 	 13.566081
-706409.000000 	 13.977618
-706141.000000 	 13.988624
-705410.000000 	 14.018645
-704973.000000 	 14.036591
-704211.000000 	 14.067885
-703934.000000 	 14.079261
-703384.000000 	 14.101848
-702988.000000 	 14.118111
-702381.000000 	 14.143039
-702158.000000 	 14.152197
-701606.000000 	 14.174867
-701242.000000 	 14.189815
-700744.000000 	 14.143108
-700389.000000 	 14.062321
-699909.000000 	 13.953088
-699633.000000 	 13.890280
-699102.000000 	 13.769441
-698880.000000 	 13.718921
-698386.000000 	 13.606502
-698120.000000 	 13.545969
-697660.000000 	 13.441287
-697331.000000 	 13.366417
-696963.000000 	 13.282672
-696717.000000 	 13.226691
-696287.000000 	 13.128836
-696062.000000 	 13.077633
-695618.000000 	 12.976593
-695383.000000 	 12.923114
-694941.000000 	 12.822529
-694672.000000 	 12.761313
-694300.000000 	 12.676658
-694068.000000 	 12.623862
-693639.000000 	 12.526235
-693433.000000 	 12.479356
-692990.000000 	 12.404723
-692765.000000 	 12.372279
-692338.000000 	 12.310708
-692057.000000 	 12.270190
-691672.000000 	 12.214675
-691432.000000 	 12.180068
-690999.000000 	 12.117632
-690771.000000 	 12.084756
-690294.000000 	 12.015975
-690057.000000 	 11.981801
-689603.000000 	 11.916337
-689304.000000 	 11.873223
-688881.000000 	 11.812229
-688652.000000 	 11.779208
-688195.000000 	 11.713311
-687949.000000 	 11.677840
-687470.000000 	 11.608771
-687227.000000 	 11.573731
-686726.000000 	 11.501490
-686425.000000 	 11.458088
-685980.000000 	 11.393921
-685716.000000 	 11.355854
-685217.000000 	 11.335110
-684949.000000 	 11.372289
-684419.000000 	 11.445815
-684142.000000 	 11.484243
-683612.000000 	 11.557769
-683262.000000 	 11.606324
-682762.000000 	 11.675688
-682446.000000 	 11.719526
-681849.000000 	 11.802347
-681531.000000 	 11.846462
-680920.000000 	 11.931225
-680608.000000 	 11.974509
-680081.000000 	 12.047618
-679732.000000 	 12.096035
-679252.000000 	 12.162624
-678914.000000 	 12.209514
-678291.000000 	 12.295942
-677984.000000 	 12.338532
-677380.000000 	 12.422324
-677068.000000 	 12.465607
-676524.000000 	 12.477889
-676170.000000 	 12.427142
-675589.000000 	 12.343854
-674521.000000 	 12.190754
-674173.000000 	 12.140867
-673475.000000 	 12.040807
-673095.000000 	 11.986333
-672386.000000 	 11.884696
-671926.000000 	 11.818754
-671286.000000 	 11.727008
-670916.000000 	 11.673968
-670176.000000 	 11.567887
-669751.000000 	 11.506962
-668934.000000 	 11.389843
-668447.000000 	 11.320030
-667569.000000 	 11.309752
-666995.000000 	 11.352886
-666174.000000 	 11.414581
-665645.000000 	 11.454333
-664690.000000 	 11.526097
-664192.000000 	 11.563520
-663206.000000 	 11.637613
-662669.000000 	 11.677967
-661650.000000 	 11.754540
-660981.000000 	 11.804813
-660084.000000 	 11.872218
-659524.000000 	 11.914300
-658474.000000 	 11.946910
-657923.000000 	 11.952287
-656882.000000 	 11.962446
-656286.000000 	 11.968263
-655202.000000 	 11.978842
-654473.000000 	 11.985956
-653448.000000 	 11.995960
-652802.000000 	 12.002264
-651556.000000 	 12.014424
-650891.000000 	 12.020914
-649598.000000 	 12.021370
-648946.000000 	 12.005826
-647588.000000 	 11.973450
-646723.000000 	 11.952828
-645470.000000 	 11.922956
-644662.000000 	 11.903693
-643204.000000 	 11.868934
-642405.000000 	 11.849885
-640760.000000 	 11.810668
-639848.000000 	 11.870358
-638127.000000 	 11.987864
-636957.000000 	 12.067749
-635489.000000 	 12.167981
-634592.000000 	 12.229226
-632856.000000 	 12.347757
-632001.000000 	 12.406134
-630295.000000 	 12.518245
-629446.000000 	 12.573146
-627999.000000 	 12.666717
-627211.000000 	 12.717674
-626215.000000 	 12.782081
-625570.000000 	 12.823790
-624690.000000 	 12.880696
-623214.000000 	 12.976142
-621760.000000 	 13.070166
-620338.000000 	 13.195901
-618955.000000 	 13.343296
-617544.000000 	 13.493675
-616227.000000 	 13.634036
-614923.000000 	 13.773011
-613709.000000 	 13.902395
-612514.000000 	 14.029754
-611319.000000 	 14.157113
-610136.000000 	 14.283192
-608929.000000 	 14.394072
-607708.000000 	 14.328869
-606374.000000 	 14.257631
-605076.000000 	 14.188315
-603673.000000 	 14.113393
-602278.000000 	 14.038897
-600882.000000 	 13.964348
-599434.000000 	 13.887023
-598833.000000 	 13.854928
-597966.000000 	 13.808629
-597443.000000 	 13.780700
-596515.000000 	 13.731143
-595950.000000 	 13.700971
-595189.000000 	 13.660332
-594639.000000 	 13.630961
-593870.000000 	 13.661231
-593415.000000 	 13.680152
-592697.000000 	 13.710011
-592279.000000 	 13.727394
-590893.000000 	 13.785032
-590335.000000 	 13.808237
-589868.000000 	 13.827657
-589224.000000 	 13.854439
-588716.000000 	 13.875564
-588034.000000 	 13.903926
-587647.000000 	 13.920019
-586893.000000 	 13.951375
-586406.000000 	 13.971627
-583413.000000 	 14.025630
-583034.000000 	 13.972384
-582391.000000 	 13.882048
-582000.000000 	 13.827116
-581507.000000 	 13.757854
-581160.000000 	 13.709104
-580695.000000 	 13.643775
-580400.000000 	 13.602330
-580019.000000 	 13.548803
-579821.000000 	 13.520986
-579435.000000 	 13.466757
-578857.000000 	 13.385553
-578305.000000 	 13.308002
-577769.000000 	 13.232698
-577242.000000 	 13.158660
-576723.000000 	 13.085745
-576222.000000 	 13.015359
-575730.000000 	 12.946237
-575265.000000 	 12.880909
-574803.000000 	 12.816002
-574353.000000 	 12.752781
-573902.000000 	 12.689420
-573462.000000 	 12.627604
-573037.000000 	 12.614067
-572619.000000 	 12.619740
-572190.000000 	 12.625563
-571775.000000 	 12.631195
-571367.000000 	 12.636732
-570955.000000 	 12.642324
-570548.000000 	 12.647848
-570139.000000 	 12.653398
-569728.000000 	 12.658976
-569331.000000 	 12.664364
-568946.000000 	 12.669590
-568556.000000 	 12.674883
-568167.000000 	 12.680162
-567777.000000 	 12.685455
-567381.000000 	 12.690829
-567007.000000 	 12.695905
-566619.000000 	 12.701171
-566233.000000 	 12.706410
-565851.000000 	 12.711594
-565466.000000 	 12.716819
-565077.000000 	 12.722099
-564699.000000 	 12.727229
-564311.000000 	 12.732495
-563918.000000 	 12.737829
-563517.000000 	 12.657970
-563115.000000 	 12.521140
-562690.000000 	 12.376482
-562272.000000 	 12.234206
-561846.000000 	 12.089207
-561309.000000 	 11.906427
-560930.000000 	 11.777426
-560459.000000 	 11.617111
-559972.000000 	 11.451349
-559461.000000 	 11.277419
-558929.000000 	 11.096340
-558393.000000 	 10.913901
-558183.000000 	 10.842422
-557887.000000 	 10.741672
-557385.000000 	 10.570805
-556889.000000 	 10.401980
-556724.000000 	 10.345819
-556364.000000 	 10.223284
-556143.000000 	 10.148062
-555839.000000 	 10.044589
-555637.000000 	 10.005130
-555345.000000 	 10.026228
-554831.000000 	 10.063367
-554254.000000 	 10.105058
-553626.000000 	 10.150434
-552961.000000 	 10.198483
-552250.000000 	 10.249855
-551979.000000 	 10.269436
-551452.000000 	 10.307514
-551124.000000 	 10.331214
-550637.000000 	 10.366402
-549830.000000 	 10.424711
-548933.000000 	 10.489523
-547972.000000 	 10.471699
-547573.000000 	 10.457861
-547013.000000 	 10.438439
-545956.000000 	 10.401780
-544804.000000 	 10.361827
-543676.000000 	 10.322705
-542502.000000 	 10.281988
-541345.000000 	 10.434747
-540154.000000 	 10.832689
-538959.000000 	 11.231967
-537770.000000 	 11.629240
-536622.000000 	 12.012815
-535483.000000 	 12.393382
-534364.000000 	 12.628869
-533246.000000 	 12.740346
-532119.000000 	 12.852721
-531662.000000 	 12.898288
-531035.000000 	 12.960807
-530685.000000 	 12.995706
-530016.000000 	 13.062413
-529640.000000 	 13.099904
-529101.000000 	 13.153648
-528747.000000 	 13.188946
-528262.000000 	 13.237306
-527454.000000 	 13.182841
-526661.000000 	 13.077420
-525908.000000 	 12.977316
-525164.000000 	 12.878408
-524409.000000 	 12.778038
-523666.000000 	 12.679264
-522923.000000 	 12.580489
-522216.000000 	 12.486500
-521552.000000 	 12.398228
-520892.000000 	 12.319147
-518965.000000 	 12.138143
-518334.000000 	 12.078873
-517706.000000 	 12.019884
-517069.000000 	 11.960051
-516417.000000 	 11.898808
-515771.000000 	 11.838129
-515113.000000 	 11.776322
-514429.000000 	 11.712074
-513724.000000 	 11.774220
-512997.000000 	 11.904491
-512269.000000 	 12.034942
-511515.000000 	 12.170052
-510765.000000 	 12.304445
-510008.000000 	 12.440092
-509247.000000 	 12.576457
-508476.000000 	 12.714613
-507714.000000 	 12.851156
-507011.000000 	 12.955106
-506287.000000 	 13.024218
-505516.000000 	 13.097816
-504777.000000 	 13.168360
-504083.000000 	 13.234608
-503375.000000 	 13.302193
-502625.000000 	 13.373787
-501866.000000 	 13.446240
-501130.000000 	 13.516497
-500363.000000 	 13.589714
-499610.000000 	 13.597585
-498865.000000 	 13.605118
-498104.000000 	 13.612814
-497366.000000 	 13.620277
-496608.000000 	 13.627943
-495853.000000 	 13.635578
-495085.000000 	 13.643344
-494311.000000 	 13.651172
-493507.000000 	 13.659302
-492738.000000 	 13.611445
-491959.000000 	 13.557410
-491191.000000 	 13.504139
-490445.000000 	 13.452393
-489722.000000 	 13.402243
-489475.000000 	 13.385110
-488996.000000 	 13.351884
-488689.000000 	 13.330590
-488268.000000 	 13.301387
-487541.000000 	 13.250960
-486816.000000 	 13.200671
-486043.000000 	 13.070173
-485276.000000 	 12.892832
-484465.000000 	 12.705318
-483649.000000 	 12.516647
-482803.000000 	 12.321040
-481932.000000 	 12.119653
-481035.000000 	 11.912254
-480108.000000 	 11.697919
-479144.000000 	 11.626581
-478721.000000 	 11.669981
-478124.000000 	 11.731234
-477719.000000 	 11.772788
-477162.000000 	 11.829936
-476240.000000 	 11.924535
-475218.000000 	 12.029393
-474162.000000 	 12.137740
-473102.000000 	 12.246497
-472095.000000 	 12.243334
-471763.000000 	 12.216760
-471046.000000 	 12.159368
-470597.000000 	 12.123428
-469941.000000 	 12.070919
-469470.000000 	 12.033218
-468810.000000 	 11.980389
-468323.000000 	 11.941408
-467602.000000 	 11.883696
-466265.000000 	 11.776677
-464866.000000 	 11.610572
-463456.000000 	 11.362879
-462133.000000 	 11.130469
-461687.000000 	 11.052121
-460792.000000 	 10.894898
-459430.000000 	 10.655637
-458049.000000 	 10.413039
-456591.000000 	 10.406865
-455279.000000 	 10.446738
-454023.000000 	 10.484910
-453514.000000 	 10.500379
-452795.000000 	 10.522231
-452283.000000 	 10.537791
-451593.000000 	 10.558761
-450455.000000 	 10.593347
-449244.000000 	 10.693364
-448103.000000 	 10.943988
-446984.000000 	 11.189780
-445829.000000 	 11.443480
-444650.000000 	 11.702451
-443562.000000 	 11.941434
-442411.000000 	 12.194254
-441220.000000 	 12.455861
-439565.000000 	 12.617695
-438356.000000 	 12.704351
-437152.000000 	 12.790650
-435989.000000 	 12.874009
-434804.000000 	 12.958946
-433674.000000 	 13.039940
-432599.000000 	 13.116992
-431445.000000 	 13.151317
-431063.000000 	 13.156507
-429876.000000 	 13.172634
-429006.000000 	 13.184454
-427566.000000 	 13.204018
-427285.000000 	 13.207836
-426598.000000 	 13.217170
-425975.000000 	 13.225634
-425569.000000 	 13.231150
-425242.000000 	 13.235593
-424840.000000 	 13.259417
-424332.000000 	 13.386529
-423764.000000 	 13.528654
-422649.000000 	 13.807650
-422074.000000 	 13.951526
-421484.000000 	 14.099156
-420350.000000 	 14.382906
-419808.000000 	 14.504826
-419260.000000 	 14.576094
-418245.000000 	 14.708096
-417698.000000 	 14.779235
-417191.000000 	 14.845171
-416193.000000 	 14.974962
-415717.000000 	 15.023132
-414963.000000 	 14.925054
-413948.000000 	 14.663240
-412962.000000 	 14.254453
-411071.000000 	 14.249284
-410206.000000 	 14.522144
-409383.000000 	 14.575625
-409383.000000 	 14.575625
-408600.000000 	 14.743877
-407093.000000 	 15.312852
-406368.000000 	 15.260505
-404927.000000 	 15.473906
-404181.000000 	 15.426498
-402731.000000 	 15.265781
-402000.000000 	 15.260492
-400504.000000 	 15.384047
-399722.000000 	 15.270508
-398086.000000 	 15.110361
-394560.000000 	 14.494885
-393579.000000 	 13.728311
-392544.000000 	 14.220243
-391896.000000 	 14.696231
-389946.000000 	 15.418170
-388062.000000 	 14.375106
-386144.000000 	 13.183699
-385398.000000 	 12.881120
-384534.000000 	 12.669052
-382670.000000 	 12.405147
-381132.000000 	 12.457031
-379696.000000 	 11.807644
-378096.000000 	 11.665819
-376568.000000 	 12.237666
-372646.000000 	 11.295939
-371090.000000 	 11.285944
-369446.000000 	 10.869214
-367856.000000 	 10.506348
-366235.000000 	 10.281657
-363385.000000 	 10.450960
-360957.000000 	 11.854032
-358712.000000 	 11.055415
-356898.000000 	 10.633819
-355302.000000 	 10.391827
-352275.000000 	 11.634430
-350925.000000 	 11.292658
-349688.000000 	 10.979385
-348298.000000 	 10.552234
-345980.000000 	 10.261599
-344446.000000 	 10.475446
-343282.000000 	 11.149235
-341802.000000 	 13.184181
-340456.000000 	 15.034881
-339298.000000 	 14.167481
-337391.000000 	 12.194627
-336725.000000 	 12.713204
-335918.000000 	 13.341568
-335287.000000 	 13.832892
-334748.000000 	 14.247734
-334261.000000 	 14.545547
-333890.000000 	 14.772423
-333380.000000 	 15.084300
-332919.000000 	 15.366213
-332462.000000 	 15.645680
-332285.000000 	 15.753920
-331944.000000 	 15.634133
-331438.000000 	 15.354456
-330740.000000 	 14.968656
-330208.000000 	 14.674609
-329475.000000 	 14.561126
-328221.000000 	 14.784665
-327590.000000 	 14.897148
-326972.000000 	 14.709758
-326321.000000 	 14.504030
-325720.000000 	 14.314104
-324971.000000 	 14.219553
-324280.000000 	 14.336418
-323526.000000 	 14.463938
-322767.000000 	 14.525849
-322015.000000 	 14.391392
-320358.000000 	 14.159465
-319480.000000 	 14.227553
-318559.000000 	 14.298976
-317734.000000 	 14.293098
-316897.000000 	 14.160471
-316200.000000 	 14.050029
-315572.000000 	 13.950520
-314867.000000 	 13.823529
-314144.000000 	 13.689769
-313414.000000 	 13.554714
-312676.000000 	 13.483341
-311868.000000 	 13.639966
-311013.000000 	 13.805701
-310168.000000 	 13.943654
-309389.000000 	 13.683786
-308744.000000 	 13.468619
-307495.000000 	 13.051963
-306547.000000 	 12.827465
-305655.000000 	 12.646428
-304901.000000 	 12.493400
-304232.000000 	 12.357623
-303226.000000 	 12.153450
-302280.000000 	 12.141603
-301402.000000 	 12.133667
-300472.000000 	 12.125261
-299621.000000 	 12.133622
-298741.000000 	 12.178184
-297921.000000 	 12.219707
-295930.000000 	 12.320528
-294568.000000 	 12.324620
-293779.000000 	 12.298948
-293057.000000 	 12.275456
-292405.000000 	 12.254241
-291367.000000 	 12.220466
-290730.000000 	 12.202759
-290153.000000 	 12.401724
-288233.000000 	 13.063793
-287538.000000 	 13.303448
-287036.000000 	 13.476552
-286128.000000 	 13.789655
-285380.000000 	 13.372392
-283785.000000 	 12.480713
-281758.000000 	 11.347525
-280269.000000 	 11.199224
-279320.000000 	 11.190997
-278350.000000 	 11.182588
-277361.000000 	 11.174014
-276326.000000 	 11.147666
-275350.000000 	 11.109557
-274321.000000 	 11.069380
-273310.000000 	 11.029905
-272311.000000 	 10.990898
-271256.000000 	 11.296026
-270222.000000 	 11.602645
-269154.000000 	 11.919346
-268181.000000 	 12.207877
-267442.000000 	 12.322742
-266326.000000 	 12.138759
-265653.000000 	 12.027809
-264509.000000 	 11.839210
-262930.000000 	 11.573351
-262092.000000 	 11.398881
-260916.000000 	 11.154040
-260353.000000 	 11.036825
-258661.000000 	 10.684554
-257100.000000 	 10.578225
-256309.000000 	 10.541948
-255498.000000 	 10.504754
-253636.000000 	 10.409872
-252739.000000 	 10.332050
-251864.000000 	 10.256137
-251005.000000 	 10.181612
-250133.000000 	 10.105959
-247681.000000 	 9.735000
-245441.000000 	 9.587320
-244864.000000 	 9.810285
-244347.000000 	 10.010065
-243856.000000 	 10.199798
-243429.000000 	 10.364800
-243071.000000 	 10.499725
-242346.000000 	 10.707102
-242007.000000 	 10.804068
-241366.000000 	 10.987418
-240945.000000 	 11.107840
-239973.000000 	 11.843064
-239477.000000 	 12.462347
-239013.000000 	 13.041676
-238558.000000 	 13.609769
-237868.000000 	 14.471272
-237294.000000 	 14.464150
-236734.000000 	 14.438254
-236114.000000 	 14.409584
-235480.000000 	 14.380266
-234817.000000 	 14.339410
-231066.000000 	 13.900755
-230422.000000 	 13.784116
-229423.000000 	 13.363284
-227776.000000 	 12.452415
-227027.000000 	 12.411754
-226711.000000 	 12.545211
-225909.000000 	 12.883923
-224923.000000 	 13.300344
-224269.000000 	 13.580572
-222030.000000 	 14.552130
-220739.000000 	 14.942597
-220058.000000 	 14.885702
-219116.000000 	 14.807002
-218361.000000 	 14.743924
-216352.000000 	 14.516958
-215382.000000 	 14.294667
-214794.000000 	 14.159917
-214459.000000 	 14.083146
-213984.000000 	 13.974292
-213536.000000 	 13.871625
-213270.000000 	 13.810667
-212716.000000 	 13.683708
-211858.000000 	 13.644111
-210813.000000 	 13.687552
-210154.000000 	 13.714947
-209817.000000 	 13.728956
-209432.000000 	 13.744961
-208995.000000 	 13.763127
-208803.000000 	 13.771109
-208254.000000 	 13.793931
-208064.000000 	 13.803333
-207544.000000 	 13.842727
-207120.000000 	 13.874848
-206810.000000 	 13.898333
-206144.000000 	 13.948788
-205952.000000 	 13.963333
-205362.000000 	 14.008030
-204908.000000 	 14.042424
-204480.000000 	 14.074848
-203837.000000 	 13.937872
-203317.000000 	 13.666789
-202874.000000 	 13.435847
-202413.000000 	 13.195521
-201163.000000 	 12.543880
-199918.000000 	 12.276874
-198972.000000 	 12.260494
-196179.000000 	 12.064398
-195673.000000 	 11.983202
-195017.000000 	 11.877936
-193481.000000 	 11.631459
-192910.000000 	 11.592788
-190352.000000 	 11.902848
-189076.000000 	 12.057515
-188436.000000 	 12.089809
-186697.000000 	 11.920185
-184685.000000 	 11.723932
-182046.000000 	 12.258725
-180068.000000 	 13.000740
-179117.000000 	 13.357492
-178179.000000 	 13.709368
-177139.000000 	 13.311324
-175306.000000 	 12.532203
-173394.000000 	 11.719504
-173135.000000 	 11.609415
-172434.000000 	 11.311454
-171351.000000 	 11.283500
-169492.000000 	 11.289948
-167183.000000 	 11.297957
-164439.000000 	 11.336662
-163698.000000 	 11.349268
-163024.000000 	 11.360735
-162228.000000 	 11.374277
-161679.000000 	 11.383617
-159943.000000 	 11.576315
-159562.000000 	 11.663217
-155813.000000 	 12.518331
-155395.000000 	 12.613673
-154480.000000 	 12.822377
-151423.000000 	 12.456531
-149921.000000 	 11.910032
-149803.000000 	 11.867098
-148831.000000 	 11.513439
-145363.000000 	 10.251618
-142058.000000 	 10.483659
-140960.000000 	 10.706494
-140899.000000 	 10.718874
-139617.000000 	 10.979052
-139275.000000 	 11.048460
-138185.000000 	 11.269672
-137982.000000 	 11.310870
-137633.000000 	 11.381699
-137293.000000 	 11.477195
-136655.000000 	 11.772397
-136567.000000 	 11.813115
-136251.000000 	 11.959328
-136011.000000 	 12.070376
-135883.000000 	 12.129601
-135603.000000 	 12.259157
-135207.000000 	 12.442386
-135114.000000 	 12.485417
-134960.000000 	 12.556672
-134287.000000 	 12.868069
-134123.000000 	 12.943951
-133427.000000 	 13.265990
-133105.000000 	 13.414979
-133069.000000 	 13.431636
-132492.000000 	 13.698614
-131728.000000 	 14.052116
-131455.000000 	 14.178433
-131329.000000 	 14.172270
-129736.000000 	 13.892625
-129652.000000 	 13.877879
-129340.000000 	 13.823109
-129146.000000 	 13.789053
-128866.000000 	 13.739900
-128609.000000 	 13.694785
-128372.000000 	 13.653180
-128344.000000 	 13.648265
-127907.000000 	 13.571551
-127622.000000 	 13.521521
-127132.000000 	 13.435503
-126886.000000 	 13.392319
-126598.000000 	 13.341762
-126347.000000 	 13.383303
-125434.000000 	 13.647792
-125262.000000 	 13.697620
-125081.000000 	 13.750054
-124789.000000 	 13.834644
-124257.000000 	 13.988760
-124213.000000 	 14.001507
-123070.000000 	 14.332625
-122344.000000 	 14.542942
-121017.000000 	 14.958226
-120382.000000 	 15.160651
-119672.000000 	 15.386985
-118649.000000 	 15.713098
-117750.000000 	 15.999681
-116501.000000 	 16.065549
-115118.000000 	 16.138189
-114601.000000 	 16.165344
-114096.000000 	 16.191868
-113262.000000 	 16.088856
-111862.000000 	 14.259214
-109804.000000 	 11.569641
-108153.000000 	 10.937100
-107579.000000 	 11.475284
-105636.000000 	 13.297044
-104704.000000 	 14.170889
-103465.000000 	 14.877292
-101749.000000 	 15.458229
-100837.000000 	 15.766979
-99849.000000 	 16.101458
-94353.000000 	 12.934810
-91249.000000 	 12.719675
-90357.000000 	 12.657915
-87917.000000 	 12.493837
-86181.000000 	 12.377100
-85020.000000 	 12.270939
-84016.000000 	 12.166219
-83333.000000 	 12.094980
-82417.000000 	 11.999439
-80614.000000 	 12.049196
-78183.000000 	 12.824330
-77150.000000 	 13.153706
-73227.000000 	 13.403758
-71049.000000 	 13.157884
-65939.000000 	 11.371670
-64939.000000 	 11.514972
-62859.000000 	 11.713427
-57657.000000 	 8.741092
-57088.000000 	 8.782654
-52382.000000 	 9.434498
-50663.000000 	 10.419646
-49690.000000 	 11.206761
-48854.000000 	 11.520053
-47336.000000 	 10.552727
-43500.000000 	 9.123383
-37471.000000 	 10.634245
-35009.000000 	 11.704083
-30020.000000 	 13.356996
-29063.000000 	 13.618127
-25994.000000 	 13.567717
-22827.000000 	 12.990007
-22015.000000 	 13.164813
-21854.000000 	 13.199472
-21507.000000 	 13.274174
-21257.000000 	 13.327993
-21011.000000 	 13.380951
-20748.000000 	 13.437569
-20502.000000 	 13.490528
-20197.000000 	 13.556188
-20168.000000 	 13.562431
-19988.000000 	 13.601181
-19748.000000 	 13.652847
-19509.000000 	 13.704299
-19347.000000 	 13.739174
-18921.000000 	 13.770041
-18868.000000 	 13.748208
-18828.000000 	 13.731730
-18541.000000 	 13.613500
-18285.000000 	 13.508041
-17943.000000 	 13.367154
-17809.000000 	 13.311953
-17565.000000 	 13.211437
-17375.000000 	 13.133167
-17111.000000 	 13.024412
-16870.000000 	 12.925132
-16659.000000 	 12.838211
-16452.000000 	 12.752937
-16260.000000 	 12.673843
-16073.000000 	 12.596808
-15886.000000 	 12.519774
-15742.000000 	 12.503088
-15570.000000 	 12.508621
-15438.000000 	 12.512867
-15233.000000 	 12.519461
-15012.000000 	 12.526570
-14890.000000 	 12.530495
-14725.000000 	 12.535802
-14550.000000 	 12.541431
-14303.000000 	 12.549377
-13948.000000 	 12.560796
-13804.000000 	 12.565428
-13653.000000 	 12.570285
-13542.000000 	 12.573856
-13440.000000 	 12.577137
-13241.000000 	 12.706135
-13090.000000 	 12.879283
-12942.000000 	 13.048992
-12760.000000 	 13.257688
-12642.000000 	 13.392996
-12496.000000 	 13.560411
-12371.000000 	 13.703746
-12122.000000 	 13.989269
-12050.000000 	 14.071830
-11958.000000 	 14.177324
-11896.000000 	 14.248419
-11819.000000 	 14.336713
-11727.000000 	 14.442207
-11676.000000 	 14.500688
-11635.000000 	 14.547702
-11580.000000 	 14.610769
-11469.000000 	 14.738051
-11436.000000 	 14.775891
-11392.000000 	 14.826345
-11338.000000 	 14.888266
-11278.000000 	 14.957066
-11236.000000 	 14.978952
-11201.000000 	 14.977286
-11136.000000 	 14.974190
-11087.000000 	 14.971857
-11014.000000 	 14.968381
-10933.000000 	 14.964524
-10895.000000 	 14.962714
-10827.000000 	 14.959476
-10805.000000 	 14.958429
-10744.000000 	 14.955524
-10621.000000 	 14.949667
-10527.000000 	 14.945190
-10417.000000 	 14.939952
-10294.000000 	 14.934095
-10209.000000 	 14.930048
-10088.000000 	 14.924286
-9983.000000 	 14.919286
-9909.000000 	 14.915762
-9807.000000 	 14.910905
-9721.000000 	 14.906810
-9597.000000 	 14.900905
-9536.000000 	 14.898000
-9317.000000 	 14.870111
-9232.000000 	 14.836964
-9140.000000 	 14.801086
-9092.000000 	 14.782368
-8973.000000 	 14.735961
-8869.000000 	 14.695404
-8784.000000 	 14.662256
-8653.000000 	 14.611170
-8579.000000 	 14.582312
-8477.000000 	 14.542535
-8387.000000 	 14.507437
-8281.000000 	 14.466100
-8181.000000 	 14.427103
-8050.000000 	 14.376017
-7990.000000 	 14.352618
-7876.000000 	 14.302406
-7781.000000 	 14.255594
-7691.000000 	 14.211246
-7590.000000 	 14.161478
-7507.000000 	 14.120580
-7413.000000 	 14.074261
-7320.000000 	 14.028435
-7234.000000 	 13.986058
-7112.000000 	 13.925942
-7028.000000 	 13.884551
-6941.000000 	 13.841681
-6838.000000 	 13.790928
-6713.000000 	 13.729333
-6617.000000 	 13.682029
-6545.000000 	 13.651516
-6434.000000 	 13.675560
-6354.000000 	 13.692888
-6263.000000 	 13.712599
-6131.000000 	 13.741191
-6039.000000 	 13.761119
-5998.000000 	 13.770000
-5855.000000 	 13.800975
-5716.000000 	 13.831083
-5657.000000 	 13.843863
-5562.000000 	 13.864440
-5476.000000 	 13.883069
-5370.000000 	 13.906029
-5274.000000 	 13.926823
-5160.000000 	 13.951516
-5094.000000 	 13.965812
-5004.000000 	 13.985307
-4874.000000 	 14.013466
-4766.000000 	 14.036859
-4703.000000 	 14.050505
-4573.000000 	 14.078664
-4480.000000 	 14.098809
-4374.000000 	 14.121769
-4324.000000 	 14.132599
-4161.000000 	 14.167906
-4096.000000 	 14.181986
-4004.000000 	 14.201913
-3910.000000 	 14.222274
-3790.000000 	 14.248267
-3721.000000 	 14.234529
-3622.000000 	 14.209420
-3523.000000 	 14.184312
-3453.000000 	 14.166558
-3336.000000 	 14.136884
-3215.000000 	 14.106196
-3116.000000 	 14.081087
-3053.000000 	 14.065109
-2902.000000 	 14.026812
-2806.000000 	 14.002464
-2728.000000 	 13.982681
-2604.000000 	 13.951232
-2536.000000 	 13.933986
-2433.000000 	 13.907862
-2334.000000 	 13.847617
-2212.000000 	 13.753636
-2128.000000 	 13.688927
-2057.000000 	 13.634233
-1931.000000 	 13.537171
-1812.000000 	 13.445500
-1733.000000 	 13.384644
-1638.000000 	 13.311461
-1552.000000 	 13.245212
-1453.000000 	 13.168949
-1350.000000 	 13.089604
-1233.000000 	 12.999474
-1153.000000 	 12.937847
-1060.000000 	 12.866206
-950.000000 	 12.862962
-877.000000 	 12.901155
-754.000000 	 12.965508
-672.000000 	 13.008411
-559.000000 	 13.067532
-485.000000 	 13.106249
-404.000000 	 13.148628
-395.000000 	 13.153337
-279.000000 	 13.214028
-268.000000 	 13.219783
-137.000000 	 13.288322
